000000 0.3333 0.3326 0.3341
000010 0.3333 0.3347 0.3319
000020 0.3351 0.3360 0.3289
000030 0.3376 0.3366 0.3258
000040 0.3402 0.3373 0.3225
000050 0.3435 0.3378 0.3187
000060 0.3473 0.3381 0.3146
000070 0.3512 0.3384 0.3104
000080 0.3559 0.3385 0.3056
000090 0.3610 0.3382 0.3008
000100 0.3665 0.3379 0.2955
000110 0.3733 0.3367 0.2900
000120 0.3800 0.3357 0.2843
000130 0.3871 0.3349 0.2780
000140 0.3952 0.3334 0.2715
000150 0.4036 0.3317 0.2648
000160 0.4125 0.3291 0.2584
000170 0.4216 0.3270 0.2514
000180 0.4315 0.3245 0.2439
000190 0.4418 0.3217 0.2366
000200 0.4526 0.3176 0.2298
000210 0.4631 0.3138 0.2231
000220 0.4734 0.3098 0.2167
000230 0.4839 0.3049 0.2112
000240 0.4949 0.2997 0.2054
000250 0.5058 0.2938 0.2003
000260 0.5173 0.2873 0.1954
000270 0.5285 0.2816 0.1899
000280 0.5405 0.2748 0.1847
000290 0.5525 0.2680 0.1795
000300 0.5642 0.2617 0.1741
000310 0.5758 0.2552 0.1690
000320 0.5871 0.2490 0.1639
000330 0.5983 0.2429 0.1588
000340 0.6094 0.2377 0.1529
000350 0.6214 0.2319 0.1467
000360 0.6327 0.2263 0.1410
000370 0.6438 0.2208 0.1353
000380 0.6549 0.2154 0.1297
000390 0.6658 0.2092 0.1249
000400 0.6769 0.2034 0.1197
000410 0.6873 0.1981 0.1146
000420 0.6981 0.1928 0.1091
000430 0.7083 0.1874 0.1044
000440 0.7183 0.1820 0.0996
000450 0.7282 0.1771 0.0948
000460 0.7374 0.1729 0.0897
000470 0.7462 0.1693 0.0846
000480 0.7551 0.1650 0.0799
000490 0.7635 0.1609 0.0755
000500 0.7716 0.1561 0.0722
000510 0.7797 0.1499 0.0703
000520 0.7879 0.1418 0.0703
000530 0.7947 0.1335 0.0718
000540 0.8012 0.1252 0.0737
000550 0.8075 0.1169 0.0756
000560 0.8138 0.1080 0.0782
000570 0.8194 0.0994 0.0812
000580 0.8246 0.0907 0.0847
000590 0.8293 0.0818 0.0888
000600 0.8329 0.0733 0.0939
000610 0.8353 0.0658 0.0990
000620 0.8373 0.0582 0.1045
000630 0.8393 0.0500 0.1107
000640 0.8400 0.0431 0.1169
000650 0.8389 0.0381 0.1230
000660 0.8371 0.0337 0.1292
000670 0.8345 0.0300 0.1355
000680 0.8306 0.0277 0.1417
000690 0.8272 0.0252 0.1476
000700 0.8229 0.0239 0.1532
000710 0.8179 0.0233 0.1588
000720 0.8122 0.0239 0.1639
000730 0.8065 0.0254 0.1681
000740 0.8017 0.0277 0.1706
000750 0.7962 0.0305 0.1732
000760 0.7912 0.0330 0.1758
000770 0.7868 0.0356 0.1776
000780 0.7829 0.0377 0.1794
000790 0.7795 0.0394 0.1810
000800 0.7768 0.0409 0.1823
000810 0.7737 0.0422 0.1841
000820 0.7705 0.0436 0.1859
000830 0.7683 0.0451 0.1866
000840 0.7654 0.0478 0.1868
000850 0.7636 0.0506 0.1858
000860 0.7617 0.0540 0.1843
000870 0.7602 0.0571 0.1827
000880 0.7589 0.0594 0.1817
000890 0.7567 0.0616 0.1817
000900 0.7550 0.0648 0.1802
000910 0.7532 0.0681 0.1786
000920 0.7516 0.0713 0.1771
000930 0.7514 0.0735 0.1751
000940 0.7518 0.0749 0.1733
000950 0.7529 0.0753 0.1718
000960 0.7556 0.0749 0.1695
000970 0.7587 0.0749 0.1664
000980 0.7613 0.0738 0.1650
000990 0.7635 0.0733 0.1632
001000 0.7656 0.0726 0.1619
001010 0.7692 0.0710 0.1598
001020 0.7717 0.0703 0.1581
001030 0.7733 0.0704 0.1563
001040 0.7743 0.0712 0.1545
001050 0.7749 0.0720 0.1530
001060 0.7755 0.0716 0.1529
001070 0.7757 0.0713 0.1530
001080 0.7743 0.0709 0.1549
001090 0.7725 0.0707 0.1568
001100 0.7708 0.0709 0.1583
001110 0.7685 0.0702 0.1614
001120 0.7644 0.0704 0.1651
001130 0.7596 0.0707 0.1698
001140 0.7537 0.0723 0.1740
001150 0.7475 0.0748 0.1777
001160 0.7413 0.0779 0.1809
001170 0.7348 0.0816 0.1836
001180 0.7299 0.0834 0.1868
001190 0.7258 0.0850 0.1892
001200 0.7218 0.0859 0.1923
001210 0.7181 0.0879 0.1941
001220 0.7142 0.0890 0.1968
001230 0.7108 0.0911 0.1981
001240 0.7068 0.0935 0.1998
001250 0.7046 0.0936 0.2019
001260 0.7027 0.0932 0.2041
001270 0.7004 0.0935 0.2061
001280 0.6974 0.0945 0.2080
001290 0.6937 0.0951 0.2112
001300 0.6888 0.0968 0.2144
001310 0.6830 0.1002 0.2168
001320 0.6766 0.1039 0.2195
001330 0.6709 0.1074 0.2217
001340 0.6653 0.1106 0.2241
001350 0.6602 0.1138 0.2261
001360 0.6546 0.1173 0.2281
001370 0.6503 0.1207 0.2290
001380 0.6464 0.1237 0.2300
001390 0.6438 0.1259 0.2303
001400 0.6418 0.1268 0.2314
001410 0.6397 0.1266 0.2338
001420 0.6363 0.1263 0.2374
001430 0.6331 0.1259 0.2410
001440 0.6301 0.1256 0.2443
001450 0.6263 0.1257 0.2480
001460 0.6232 0.1243 0.2525
001470 0.6205 0.1235 0.2560
001480 0.6189 0.1232 0.2580
001490 0.6161 0.1242 0.2597
001500 0.6152 0.1242 0.2606
001510 0.6147 0.1235 0.2618
001520 0.6127 0.1255 0.2618
001530 0.6094 0.1289 0.2617
001540 0.6066 0.1347 0.2588
001550 0.6047 0.1400 0.2554
001560 0.6032 0.1451 0.2517
001570 0.6040 0.1485 0.2474
001580 0.6052 0.1514 0.2435
001590 0.6074 0.1541 0.2385
001600 0.6120 0.1558 0.2323
001610 0.6189 0.1548 0.2263
001620 0.6276 0.1539 0.2185
001630 0.6370 0.1525 0.2105
001640 0.6468 0.1489 0.2042
001650 0.6562 0.1449 0.1989
001660 0.6662 0.1402 0.1936
001670 0.6743 0.1375 0.1882
001680 0.6832 0.1350 0.1818
001690 0.6924 0.1320 0.1756
001700 0.7017 0.1282 0.1702
001710 0.7101 0.1222 0.1676
001720 0.7169 0.1178 0.1653
001730 0.7233 0.1124 0.1643
001740 0.7289 0.1071 0.1640
001750 0.7334 0.1036 0.1630
001760 0.7364 0.1008 0.1627
001770 0.7377 0.0995 0.1628
001780 0.7396 0.0979 0.1625
001790 0.7425 0.0942 0.1634
001800 0.7452 0.0907 0.1641
001810 0.7457 0.0890 0.1653
001820 0.7442 0.0879 0.1680
001830 0.7414 0.0869 0.1716
001840 0.7362 0.0876 0.1762
001850 0.7305 0.0883 0.1812
001860 0.7259 0.0888 0.1853
001870 0.7217 0.0889 0.1894
001880 0.7168 0.0887 0.1945
001890 0.7137 0.0879 0.1983
001900 0.7134 0.0858 0.2008
001910 0.7125 0.0834 0.2041
001920 0.7120 0.0809 0.2071
001930 0.7107 0.0788 0.2105
001940 0.7101 0.0766 0.2134
001950 0.7073 0.0770 0.2157
001960 0.7049 0.0786 0.2166
001970 0.7031 0.0803 0.2166
001980 0.7006 0.0824 0.2170
001990 0.6992 0.0856 0.2151
002000 0.6967 0.0890 0.2143
002010 0.6951 0.0920 0.2129
002020 0.6950 0.0948 0.2103
002030 0.6949 0.0971 0.2080
002040 0.6939 0.0998 0.2062
002050 0.6929 0.1024 0.2047
002060 0.6947 0.1037 0.2016
002070 0.6967 0.1062 0.1971
002080 0.6982 0.1093 0.1925
002090 0.7012 0.1093 0.1895
002100 0.7052 0.1077 0.1870
002110 0.7078 0.1077 0.1845
002120 0.7104 0.1074 0.1822
002130 0.7133 0.1065 0.1802
002140 0.7153 0.1050 0.1798
002150 0.7169 0.1017 0.1814
002160 0.7173 0.0990 0.1837
002170 0.7173 0.0968 0.1859
002180 0.7175 0.0946 0.1879
002190 0.7170 0.0922 0.1908
002200 0.7160 0.0894 0.1945
002210 0.7124 0.0874 0.2002
002220 0.7074 0.0862 0.2064
002230 0.7030 0.0858 0.2112
002240 0.6977 0.0842 0.2182
002250 0.6926 0.0825 0.2248
002260 0.6863 0.0801 0.2335
002270 0.6800 0.0778 0.2422
002280 0.6716 0.0756 0.2528
002290 0.6634 0.0748 0.2618
002300 0.6545 0.0770 0.2684
002310 0.6465 0.0805 0.2730
002320 0.6405 0.0841 0.2754
002330 0.6357 0.0880 0.2763
002340 0.6315 0.0926 0.2758
002350 0.6283 0.0979 0.2738
002360 0.6274 0.1018 0.2708
002370 0.6279 0.1055 0.2666
002380 0.6275 0.1100 0.2625
002390 0.6291 0.1119 0.2589
002400 0.6299 0.1145 0.2556
002410 0.6301 0.1147 0.2552
002420 0.6307 0.1123 0.2570
002430 0.6291 0.1120 0.2589
002440 0.6272 0.1111 0.2616
002450 0.6256 0.1102 0.2642
002460 0.6232 0.1106 0.2662
002470 0.6204 0.1102 0.2694
002480 0.6179 0.1099 0.2722
002490 0.6136 0.1103 0.2761
002500 0.6094 0.1111 0.2794
002510 0.6054 0.1122 0.2823
002520 0.6047 0.1118 0.2835
002530 0.6043 0.1120 0.2837
002540 0.6060 0.1134 0.2806
002550 0.6089 0.1150 0.2761
002560 0.6122 0.1165 0.2713
002570 0.6158 0.1179 0.2663
002580 0.6208 0.1190 0.2602
002590 0.6248 0.1205 0.2547
002600 0.6287 0.1224 0.2489
002610 0.6314 0.1259 0.2427
002620 0.6341 0.1294 0.2365
002630 0.6361 0.1326 0.2314
002640 0.6383 0.1349 0.2268
002650 0.6406 0.1364 0.2230
002660 0.6437 0.1368 0.2195
002670 0.6485 0.1358 0.2157
002680 0.6533 0.1339 0.2128
002690 0.6576 0.1321 0.2103
002700 0.6615 0.1306 0.2079
002710 0.6652 0.1288 0.2060
002720 0.6693 0.1273 0.2034
002730 0.6727 0.1276 0.1997
002740 0.6754 0.1286 0.1960
002750 0.6810 0.1268 0.1922
002760 0.6870 0.1241 0.1888
002770 0.6946 0.1196 0.1858
002780 0.6993 0.1172 0.1835
002790 0.7050 0.1137 0.1813
002800 0.7099 0.1095 0.1805
002810 0.7161 0.1042 0.1797
002820 0.7188 0.1011 0.1801
002830 0.7205 0.0976 0.1819
002840 0.7217 0.0945 0.1839
002850 0.7206 0.0927 0.1867
002860 0.7183 0.0923 0.1894
002870 0.7167 0.0912 0.1921
002880 0.7164 0.0881 0.1954
002890 0.7147 0.0863 0.1990
002900 0.7122 0.0852 0.2026
002910 0.7069 0.0888 0.2043
002920 0.7023 0.0929 0.2048
002930 0.6971 0.0975 0.2053
002940 0.6929 0.1026 0.2045
002950 0.6891 0.1077 0.2032
002960 0.6852 0.1133 0.2015
002970 0.6825 0.1173 0.2002
002980 0.6816 0.1188 0.1996
002990 0.6823 0.1192 0.1985
003000 0.6837 0.1178 0.1984
003010 0.6853 0.1154 0.1993
003020 0.6869 0.1104 0.2027
003030 0.6873 0.1047 0.2080
003040 0.6856 0.1001 0.2143
003050 0.6830 0.0976 0.2194
003060 0.6810 0.0955 0.2235
003070 0.6771 0.0947 0.2282
003080 0.6735 0.0963 0.2302
003090 0.6700 0.0981 0.2319
003100 0.6652 0.1012 0.2336
003110 0.6607 0.1060 0.2333
003120 0.6559 0.1109 0.2332
003130 0.6519 0.1154 0.2326
003140 0.6484 0.1175 0.2341
003150 0.6460 0.1187 0.2353
003160 0.6428 0.1216 0.2357
003170 0.6402 0.1251 0.2347
003180 0.6420 0.1268 0.2311
003190 0.6462 0.1263 0.2275
003200 0.6508 0.1267 0.2225
003210 0.6558 0.1279 0.2163
003220 0.6630 0.1254 0.2115
003230 0.6708 0.1233 0.2059
003240 0.6799 0.1211 0.1990
003250 0.6867 0.1198 0.1935
003260 0.6922 0.1178 0.1900
003270 0.6977 0.1152 0.1871
003280 0.7035 0.1112 0.1853
003290 0.7089 0.1087 0.1825
003300 0.7113 0.1084 0.1803
003310 0.7144 0.1072 0.1784
003320 0.7173 0.1050 0.1777
003330 0.7213 0.1015 0.1773
003340 0.7252 0.0970 0.1779
003350 0.7256 0.0950 0.1794
003360 0.7237 0.0942 0.1821
003370 0.7202 0.0936 0.1862
003380 0.7173 0.0923 0.1903
003390 0.7130 0.0924 0.1946
003400 0.7104 0.0909 0.1988
003410 0.7082 0.0892 0.2026
003420 0.7059 0.0867 0.2075
003430 0.7039 0.0829 0.2132
003440 0.6982 0.0817 0.2202
003450 0.6911 0.0827 0.2262
003460 0.6838 0.0844 0.2318
003470 0.6771 0.0860 0.2370
003480 0.6691 0.0895 0.2414
003490 0.6619 0.0925 0.2456
003500 0.6544 0.0967 0.2489
003510 0.6480 0.1014 0.2506
003520 0.6430 0.1052 0.2518
003530 0.6390 0.1082 0.2528
003540 0.6355 0.1109 0.2536
003550 0.6329 0.1138 0.2533
003560 0.6318 0.1156 0.2526
003570 0.6325 0.1164 0.2511
003580 0.6338 0.1177 0.2485
003590 0.6372 0.1168 0.2460
003600 0.6403 0.1173 0.2424
003610 0.6432 0.1197 0.2371
003620 0.6447 0.1232 0.2321
003630 0.6484 0.1263 0.2252
003640 0.6529 0.1278 0.2193
003650 0.6583 0.1286 0.2131
003660 0.6649 0.1271 0.2080
003670 0.6710 0.1250 0.2040
003680 0.6778 0.1224 0.1998
003690 0.6837 0.1200 0.1963
003700 0.6885 0.1173 0.1942
003710 0.6940 0.1134 0.1926
003720 0.6995 0.1097 0.1908
003730 0.7046 0.1060 0.1894
003740 0.7082 0.1032 0.1886
003750 0.7097 0.1020 0.1882
003760 0.7104 0.1024 0.1872
003770 0.7111 0.1020 0.1869
003780 0.7122 0.1014 0.1864
003790 0.7136 0.1000 0.1864
003800 0.7149 0.0995 0.1856
003810 0.7171 0.0995 0.1834
003820 0.7170 0.1005 0.1825
003830 0.7160 0.1011 0.1829
003840 0.7142 0.1016 0.1842
003850 0.7121 0.1008 0.1870
003860 0.7089 0.1008 0.1904
003870 0.7068 0.0991 0.1941
003880 0.7059 0.0966 0.1975
003890 0.7054 0.0930 0.2016
003900 0.7063 0.0890 0.2047
003910 0.7066 0.0865 0.2069
003920 0.7045 0.0879 0.2077
003930 0.7012 0.0919 0.2069
003940 0.6988 0.0946 0.2066
003950 0.6961 0.0973 0.2066
003960 0.6947 0.0990 0.2062
003970 0.6941 0.1026 0.2033
003980 0.6947 0.1041 0.2012
003990 0.6960 0.1049 0.1992
004000 0.6943 0.1077 0.1980
004010 0.6924 0.1107 0.1969
004020 0.6892 0.1138 0.1970
004030 0.6874 0.1158 0.1968
004040 0.6863 0.1177 0.1960
004050 0.6857 0.1174 0.1969
004060 0.6861 0.1156 0.1983
004070 0.6867 0.1140 0.1993
004080 0.6866 0.1122 0.2012
004090 0.6860 0.1106 0.2034
004100 0.6852 0.1096 0.2052
004110 0.6845 0.1080 0.2075
004120 0.6844 0.1060 0.2096
004130 0.6835 0.1060 0.2104
004140 0.6837 0.1067 0.2096
004150 0.6841 0.1079 0.2081
004160 0.6856 0.1094 0.2051
004170 0.6876 0.1106 0.2018
004180 0.6905 0.1111 0.1983
004190 0.6940 0.1131 0.1929
004200 0.6981 0.1146 0.1873
004210 0.7021 0.1163 0.1816
004220 0.7059 0.1177 0.1764
004230 0.7097 0.1167 0.1736
004240 0.7135 0.1151 0.1713
004250 0.7177 0.1127 0.1696
004260 0.7206 0.1106 0.1688
004270 0.7236 0.1073 0.1691
004280 0.7246 0.1031 0.1723
004290 0.7249 0.0997 0.1753
004300 0.7239 0.0966 0.1795
004310 0.7226 0.0934 0.1841
004320 0.7192 0.0916 0.1892
004330 0.7156 0.0910 0.1934
004340 0.7128 0.0886 0.1986
004350 0.7079 0.0874 0.2047
004360 0.7017 0.0874 0.2108
004370 0.6967 0.0866 0.2167
004380 0.6886 0.0872 0.2242
004390 0.6805 0.0873 0.2322
004400 0.6713 0.0900 0.2387
004410 0.6614 0.0938 0.2448
004420 0.6533 0.0979 0.2488
004430 0.6469 0.1014 0.2517
004440 0.6425 0.1045 0.2531
004450 0.6395 0.1073 0.2532
004460 0.6364 0.1109 0.2527
004470 0.6353 0.1133 0.2514
004480 0.6370 0.1158 0.2472
004490 0.6409 0.1161 0.2430
004500 0.6447 0.1191 0.2361
004510 0.6490 0.1236 0.2274
004520 0.6551 0.1263 0.2186
004530 0.6621 0.1280 0.2099
004540 0.6699 0.1288 0.2013
004550 0.6780 0.1278 0.1942
004560 0.6834 0.1265 0.1901
004570 0.6895 0.1253 0.1853
004580 0.6954 0.1241 0.1805
004590 0.7019 0.1223 0.1758
004600 0.7107 0.1174 0.1718
004610 0.7191 0.1116 0.1693
004620 0.7274 0.1061 0.1666
004630 0.7347 0.1008 0.1646
004640 0.7395 0.0984 0.1621
004650 0.7424 0.0969 0.1606
004660 0.7452 0.0955 0.1593
004670 0.7470 0.0934 0.1596
004680 0.7491 0.0894 0.1615
004690 0.7514 0.0836 0.1650
004700 0.7527 0.0793 0.1679
004710 0.7533 0.0747 0.1720
004720 0.7499 0.0727 0.1774
004730 0.7459 0.0710 0.1831
004740 0.7416 0.0688 0.1896
004750 0.7329 0.0703 0.1967
004760 0.7234 0.0751 0.2014
004770 0.7156 0.0790 0.2054
004780 0.7063 0.0837 0.2099
004790 0.6983 0.0894 0.2123
004800 0.6927 0.0942 0.2132
004810 0.6880 0.0979 0.2141
004820 0.6849 0.1007 0.2144
004830 0.6825 0.1015 0.2160
004840 0.6800 0.1032 0.2169
004850 0.6772 0.1053 0.2175
004860 0.6754 0.1067 0.2179
004870 0.6721 0.1097 0.2183
004880 0.6699 0.1133 0.2168
004890 0.6683 0.1157 0.2160
004900 0.6677 0.1162 0.2161
004910 0.6688 0.1156 0.2155
004920 0.6703 0.1161 0.2136
004930 0.6731 0.1171 0.2097
004940 0.6757 0.1191 0.2051
004950 0.6790 0.1207 0.2004
004960 0.6807 0.1225 0.1968
004970 0.6828 0.1231 0.1941
004980 0.6833 0.1254 0.1912
004990 0.6851 0.1274 0.1876
005000 0.6880 0.1263 0.1857
005010 0.6928 0.1217 0.1855
005020 0.6957 0.1178 0.1865
005030 0.6992 0.1129 0.1879
005040 0.7027 0.1079 0.1894
005050 0.7070 0.1027 0.1904
005060 0.7111 0.0993 0.1896
005070 0.7137 0.0963 0.1900
005080 0.7166 0.0949 0.1886
005090 0.7189 0.0949 0.1862
005100 0.7197 0.0973 0.1830
005110 0.7208 0.0998 0.1794
005120 0.7218 0.1036 0.1745
005130 0.7226 0.1079 0.1696
005140 0.7252 0.1086 0.1662
005150 0.7298 0.1068 0.1634
005160 0.7342 0.1047 0.1610
005170 0.7381 0.1025 0.1594
005180 0.7417 0.1000 0.1583
005190 0.7449 0.0970 0.1580
005200 0.7469 0.0964 0.1566
005210 0.7475 0.0964 0.1561
005220 0.7477 0.0951 0.1571
005230 0.7475 0.0938 0.1588
005240 0.7458 0.0923 0.1620
005250 0.7430 0.0905 0.1665
005260 0.7402 0.0873 0.1726
005270 0.7345 0.0870 0.1785
005280 0.7274 0.0864 0.1862
005290 0.7190 0.0861 0.1949
005300 0.7107 0.0885 0.2008
005310 0.7039 0.0914 0.2047
005320 0.6974 0.0927 0.2100
005330 0.6913 0.0942 0.2145
005340 0.6846 0.0971 0.2183
005350 0.6786 0.0989 0.2224
005360 0.6728 0.1013 0.2259
005370 0.6683 0.1028 0.2289
005380 0.6647 0.1031 0.2321
005390 0.6615 0.1028 0.2357
005400 0.6580 0.1031 0.2389
005410 0.6556 0.1036 0.2408
005420 0.6531 0.1053 0.2415
005430 0.6501 0.1074 0.2426
005440 0.6472 0.1093 0.2435
005450 0.6462 0.1110 0.2428
005460 0.6466 0.1134 0.2400
005470 0.6488 0.1162 0.2350
005480 0.6524 0.1194 0.2282
005490 0.6568 0.1219 0.2212
005500 0.6620 0.1246 0.2134
005510 0.6676 0.1270 0.2054
005520 0.6739 0.1294 0.1968
005530 0.6815 0.1309 0.1876
005540 0.6915 0.1300 0.1785
005550 0.6992 0.1286 0.1721
005560 0.7080 0.1252 0.1668
005570 0.7150 0.1204 0.1646
005580 0.7232 0.1137 0.1631
005590 0.7283 0.1079 0.1639
005600 0.7335 0.1013 0.1652
005610 0.7351 0.0959 0.1690
005620 0.7355 0.0917 0.1727
005630 0.7345 0.0873 0.1782
005640 0.7337 0.0834 0.1830
005650 0.7311 0.0796 0.1893
005660 0.7268 0.0774 0.1958
005670 0.7205 0.0761 0.2034
005680 0.7126 0.0762 0.2112
005690 0.7042 0.0778 0.2181
005700 0.6954 0.0809 0.2236
005710 0.6900 0.0830 0.2270
005720 0.6867 0.0849 0.2284
005730 0.6836 0.0875 0.2289
005740 0.6811 0.0908 0.2280
005750 0.6787 0.0942 0.2271
005760 0.6762 0.0987 0.2251
005770 0.6731 0.1035 0.2234
005780 0.6694 0.1076 0.2229
005790 0.6693 0.1097 0.2210
005800 0.6695 0.1105 0.2200
005810 0.6685 0.1104 0.2211
005820 0.6658 0.1120 0.2222
005830 0.6625 0.1141 0.2234
005840 0.6609 0.1166 0.2225
005850 0.6592 0.1202 0.2206
005860 0.6593 0.1221 0.2186
005870 0.6602 0.1219 0.2178
005880 0.6638 0.1209 0.2153
005890 0.6693 0.1195 0.2113
005900 0.6744 0.1181 0.2075
005910 0.6761 0.1215 0.2024
005920 0.6780 0.1240 0.1980
005930 0.6813 0.1252 0.1935
005940 0.6838 0.1270 0.1893
005950 0.6875 0.1277 0.1848
005960 0.6914 0.1269 0.1817
005970 0.6949 0.1241 0.1809
005980 0.6986 0.1213 0.1801
005990 0.7027 0.1177 0.1796
006000 0.7067 0.1145 0.1789
006010 0.7119 0.1094 0.1787
006020 0.7146 0.1047 0.1807
006030 0.7167 0.1008 0.1825
006040 0.7177 0.0974 0.1848
006050 0.7170 0.0950 0.1880
006060 0.7145 0.0925 0.1930
006070 0.7125 0.0904 0.1971
006080 0.7091 0.0900 0.2009
006090 0.7062 0.0902 0.2036
006100 0.7043 0.0915 0.2041
006110 0.7039 0.0918 0.2043
006120 0.7044 0.0917 0.2039
006130 0.7017 0.0937 0.2045
006140 0.6987 0.0971 0.2042
006150 0.6961 0.0988 0.2050
006160 0.6943 0.1004 0.2053
006170 0.6931 0.1021 0.2048
006180 0.6934 0.1011 0.2055
006190 0.6945 0.0992 0.2063
006200 0.6941 0.0981 0.2078
006210 0.6943 0.0970 0.2087
006220 0.6929 0.0980 0.2092
006230 0.6927 0.0993 0.2079
006240 0.6928 0.0997 0.2075
006250 0.6919 0.1007 0.2074
006260 0.6909 0.1016 0.2075
006270 0.6875 0.1028 0.2097
006280 0.6841 0.1039 0.2119
006290 0.6795 0.1066 0.2139
006300 0.6764 0.1084 0.2153
006310 0.6734 0.1087 0.2180
006320 0.6705 0.1098 0.2197
006330 0.6670 0.1139 0.2190
006340 0.6646 0.1180 0.2174
006350 0.6634 0.1203 0.2164
006360 0.6640 0.1229 0.2131
006370 0.6658 0.1256 0.2087
006380 0.6688 0.1283 0.2030
006390 0.6742 0.1290 0.1968
006400 0.6817 0.1297 0.1887
006410 0.6928 0.1291 0.1781
006420 0.7024 0.1278 0.1698
006430 0.7128 0.1254 0.1617
006440 0.7245 0.1238 0.1517
006450 0.7367 0.1212 0.1421
006460 0.7489 0.1172 0.1339
006470 0.7608 0.1124 0.1267
006480 0.7717 0.1068 0.1215
006490 0.7812 0.1009 0.1178
006500 0.7903 0.0940 0.1157
006510 0.7964 0.0868 0.1168
006520 0.8004 0.0802 0.1193
006530 0.8038 0.0749 0.1214
006540 0.8031 0.0717 0.1253
006550 0.8009 0.0691 0.1300
006560 0.7981 0.0665 0.1354
006570 0.7922 0.0663 0.1415
006580 0.7859 0.0656 0.1485
006590 0.7786 0.0658 0.1556
006600 0.7717 0.0655 0.1629
006610 0.7631 0.0649 0.1720
006620 0.7535 0.0652 0.1813
006630 0.7415 0.0670 0.1916
006640 0.7286 0.0701 0.2013
006650 0.7156 0.0726 0.2118
006660 0.7005 0.0760 0.2235
006670 0.6873 0.0791 0.2336
006680 0.6741 0.0839 0.2419
006690 0.6635 0.0873 0.2492
006700 0.6542 0.0892 0.2566
006710 0.6461 0.0924 0.2615
006720 0.6387 0.0954 0.2659
006730 0.6334 0.0985 0.2682
006740 0.6295 0.1017 0.2688
006750 0.6263 0.1063 0.2674
006760 0.6238 0.1115 0.2646
006770 0.6228 0.1168 0.2604
006780 0.6225 0.1211 0.2565
006790 0.6251 0.1223 0.2526
006800 0.6295 0.1221 0.2484
006810 0.6339 0.1214 0.2447
006820 0.6369 0.1230 0.2401
006830 0.6378 0.1268 0.2354
006840 0.6404 0.1284 0.2313
006850 0.6423 0.1296 0.2281
006860 0.6467 0.1290 0.2243
006870 0.6510 0.1294 0.2197
006880 0.6548 0.1295 0.2156
006890 0.6611 0.1291 0.2099
006900 0.6678 0.1279 0.2044
006910 0.6754 0.1266 0.1980
006920 0.6831 0.1252 0.1917
006930 0.6898 0.1221 0.1881
006940 0.6959 0.1193 0.1848
006950 0.7011 0.1181 0.1808
006960 0.7069 0.1163 0.1768
006970 0.7131 0.1142 0.1727
006980 0.7190 0.1115 0.1695
006990 0.7260 0.1067 0.1673
007000 0.7320 0.1025 0.1655
007010 0.7355 0.0989 0.1655
007020 0.7399 0.0935 0.1666
007030 0.7434 0.0876 0.1690
007040 0.7457 0.0829 0.1714
007050 0.7451 0.0805 0.1744
007060 0.7421 0.0797 0.1782
007070 0.7389 0.0779 0.1832
007080 0.7336 0.0761 0.1903
007090 0.7268 0.0763 0.1969
007100 0.7196 0.0763 0.2042
007110 0.7129 0.0786 0.2084
007120 0.7071 0.0803 0.2126
007130 0.7007 0.0837 0.2156
007140 0.6938 0.0896 0.2166
007150 0.6886 0.0953 0.2162
007160 0.6852 0.1008 0.2140
007170 0.6841 0.1047 0.2112
007180 0.6838 0.1073 0.2089
007190 0.6857 0.1079 0.2065
007200 0.6866 0.1084 0.2051
007210 0.6868 0.1102 0.2031
007220 0.6872 0.1127 0.2001
007230 0.6884 0.1142 0.1974
007240 0.6897 0.1149 0.1953
007250 0.6909 0.1143 0.1948
007260 0.6932 0.1132 0.1936
007270 0.6950 0.1118 0.1932
007280 0.6994 0.1094 0.1912
007290 0.7050 0.1043 0.1907
007300 0.7085 0.0994 0.1921
007310 0.7100 0.0940 0.1960
007320 0.7104 0.0897 0.1998
007330 0.7095 0.0882 0.2023
007340 0.7077 0.0877 0.2046
007350 0.7048 0.0891 0.2062
007360 0.7014 0.0914 0.2072
007370 0.6984 0.0933 0.2083
007380 0.6957 0.0946 0.2097
007390 0.6936 0.0965 0.2099
007400 0.6916 0.0990 0.2094
007410 0.6918 0.0997 0.2086
007420 0.6915 0.1021 0.2064
007430 0.6901 0.1059 0.2040
007440 0.6878 0.1100 0.2023
007450 0.6876 0.1123 0.2001
007460 0.6890 0.1120 0.1990
007470 0.6920 0.1093 0.1987
007480 0.6958 0.1052 0.1991
007490 0.6983 0.1020 0.1997
007500 0.7004 0.0982 0.2014
007510 0.7016 0.0951 0.2034
007520 0.7019 0.0918 0.2062
007530 0.7003 0.0919 0.2077
007540 0.6973 0.0949 0.2078
007550 0.6953 0.0969 0.2078
007560 0.6939 0.0978 0.2083
007570 0.6941 0.0982 0.2077
007580 0.6931 0.0981 0.2088
007590 0.6913 0.0978 0.2109
007600 0.6903 0.0966 0.2131
007610 0.6896 0.0954 0.2150
007620 0.6876 0.0954 0.2170
007630 0.6869 0.0940 0.2191
007640 0.6837 0.0950 0.2213
007650 0.6802 0.0968 0.2230
007660 0.6752 0.1002 0.2247
007670 0.6726 0.1028 0.2246
007680 0.6723 0.1026 0.2251
007690 0.6706 0.1018 0.2275
007700 0.6684 0.1025 0.2291
007710 0.6678 0.1032 0.2290
007720 0.6672 0.1039 0.2290
007730 0.6666 0.1060 0.2274
007740 0.6684 0.1070 0.2246
007750 0.6696 0.1101 0.2203
007760 0.6729 0.1117 0.2153
007770 0.6750 0.1143 0.2106
007780 0.6791 0.1173 0.2036
007790 0.6843 0.1184 0.1973
007800 0.6894 0.1173 0.1933
007810 0.6957 0.1157 0.1886
007820 0.7023 0.1122 0.1855
007830 0.7077 0.1093 0.1831
007840 0.7140 0.1056 0.1804
007850 0.7174 0.1036 0.1790
007860 0.7195 0.1026 0.1779
007870 0.7218 0.1017 0.1765
007880 0.7255 0.0993 0.1753
007890 0.7279 0.0951 0.1770
007900 0.7302 0.0922 0.1776
007910 0.7298 0.0907 0.1795
007920 0.7293 0.0881 0.1826
007930 0.7286 0.0864 0.1851
007940 0.7264 0.0866 0.1870
007950 0.7245 0.0876 0.1879
007960 0.7244 0.0879 0.1877
007970 0.7236 0.0905 0.1859
007980 0.7242 0.0930 0.1828
007990 0.7246 0.0943 0.1812
008000 0.7257 0.0954 0.1790
008010 0.7257 0.0965 0.1778
008020 0.7261 0.0961 0.1778
008030 0.7246 0.0966 0.1788
008040 0.7218 0.0966 0.1816
008050 0.7199 0.0967 0.1833
008060 0.7157 0.0972 0.1871
008070 0.7147 0.0951 0.1902
008080 0.7137 0.0923 0.1940
008090 0.7112 0.0900 0.1989
008100 0.7081 0.0893 0.2026
008110 0.7045 0.0902 0.2054
008120 0.6998 0.0926 0.2077
008130 0.6954 0.0959 0.2087
008140 0.6907 0.0994 0.2098
008150 0.6863 0.1039 0.2098
008160 0.6833 0.1105 0.2062
008170 0.6817 0.1161 0.2021
008180 0.6803 0.1217 0.1980
008190 0.6806 0.1243 0.1952
008200 0.6844 0.1230 0.1926
008210 0.6893 0.1208 0.1899
008220 0.6926 0.1193 0.1881
008230 0.6980 0.1154 0.1866
008240 0.7029 0.1120 0.1852
008250 0.7066 0.1105 0.1829
008260 0.7098 0.1103 0.1799
008270 0.7144 0.1090 0.1766
008280 0.7187 0.1082 0.1731
008290 0.7238 0.1079 0.1683
008300 0.7295 0.1058 0.1648
008310 0.7334 0.1041 0.1625
008320 0.7375 0.1030 0.1595
008330 0.7412 0.1021 0.1567
008340 0.7456 0.1011 0.1533
008350 0.7501 0.0986 0.1512
008360 0.7528 0.0980 0.1492
008370 0.7562 0.0967 0.1471
008380 0.7597 0.0928 0.1475
008390 0.7632 0.0899 0.1469
008400 0.7644 0.0887 0.1469
008410 0.7641 0.0892 0.1467
008420 0.7642 0.0895 0.1463
008430 0.7647 0.0876 0.1477
008440 0.7651 0.0839 0.1511
008450 0.7638 0.0803 0.1558
008460 0.7600 0.0768 0.1632
008470 0.7546 0.0736 0.1718
008480 0.7476 0.0709 0.1815
008490 0.7404 0.0693 0.1903
008500 0.7334 0.0673 0.1994
008510 0.7239 0.0684 0.2077
008520 0.7113 0.0731 0.2156
008530 0.6978 0.0799 0.2222
008540 0.6857 0.0862 0.2281
008550 0.6753 0.0913 0.2334
008560 0.6680 0.0954 0.2365
008570 0.6603 0.1003 0.2394
008580 0.6547 0.1043 0.2410
008590 0.6502 0.1082 0.2416
008600 0.6472 0.1105 0.2423
008610 0.6441 0.1125 0.2434
008620 0.6414 0.1151 0.2436
008630 0.6404 0.1164 0.2433
008640 0.6417 0.1174 0.2410
008650 0.6444 0.1163 0.2394
008660 0.6468 0.1161 0.2370
008670 0.6491 0.1185 0.2324
008680 0.6515 0.1214 0.2272
008690 0.6546 0.1239 0.2215
008700 0.6586 0.1263 0.2151
008710 0.6628 0.1283 0.2088
008720 0.6652 0.1307 0.2041
008730 0.6684 0.1329 0.1986
008740 0.6724 0.1335 0.1941
008750 0.6775 0.1325 0.1900
008760 0.6845 0.1307 0.1849
008770 0.6930 0.1281 0.1790
008780 0.7007 0.1254 0.1739
008790 0.7089 0.1221 0.1690
008800 0.7175 0.1169 0.1655
008810 0.7265 0.1105 0.1630
008820 0.7336 0.1039 0.1625
008830 0.7386 0.0974 0.1640
008840 0.7429 0.0922 0.1649
008850 0.7445 0.0895 0.1660
008860 0.7444 0.0893 0.1663
008870 0.7446 0.0898 0.1656
008880 0.7444 0.0909 0.1647
008890 0.7432 0.0912 0.1656
008900 0.7413 0.0925 0.1662
008910 0.7396 0.0919 0.1685
008920 0.7378 0.0900 0.1722
008930 0.7355 0.0883 0.1762
008940 0.7347 0.0862 0.1790
008950 0.7333 0.0841 0.1827
008960 0.7315 0.0825 0.1860
008970 0.7280 0.0825 0.1895
008980 0.7230 0.0840 0.1929
008990 0.7178 0.0860 0.1963
009000 0.7124 0.0898 0.1978
009010 0.7059 0.0941 0.2000
009020 0.6987 0.0988 0.2025
009030 0.6922 0.1027 0.2051
009040 0.6893 0.1041 0.2066
009050 0.6873 0.1039 0.2088
009060 0.6859 0.1047 0.2094
009070 0.6842 0.1067 0.2090
009080 0.6831 0.1092 0.2077
009090 0.6831 0.1109 0.2060
009100 0.6827 0.1120 0.2053
009110 0.6823 0.1106 0.2071
009120 0.6830 0.1079 0.2091
009130 0.6817 0.1062 0.2121
009140 0.6808 0.1065 0.2128
009150 0.6794 0.1069 0.2137
009160 0.6765 0.1093 0.2142
009170 0.6751 0.1117 0.2132
009180 0.6748 0.1134 0.2118
009190 0.6760 0.1149 0.2091
009200 0.6782 0.1161 0.2057
009210 0.6802 0.1190 0.2008
009220 0.6823 0.1218 0.1959
009230 0.6864 0.1199 0.1937
009240 0.6917 0.1171 0.1912
009250 0.6988 0.1129 0.1883
009260 0.7057 0.1084 0.1859
009270 0.7115 0.1033 0.1853
009280 0.7142 0.0997 0.1861
009290 0.7132 0.0993 0.1874
009300 0.7118 0.1007 0.1875
009310 0.7106 0.1024 0.1870
009320 0.7086 0.1043 0.1872
009330 0.7090 0.1051 0.1859
009340 0.7120 0.1045 0.1835
009350 0.7156 0.1035 0.1809
009360 0.7196 0.1020 0.1785
009370 0.7220 0.1004 0.1775
009380 0.7255 0.0991 0.1755
009390 0.7271 0.0979 0.1749
009400 0.7286 0.0976 0.1738
009410 0.7290 0.0978 0.1733
009420 0.7296 0.0981 0.1723
009430 0.7275 0.0980 0.1745
009440 0.7270 0.0960 0.1770
009450 0.7256 0.0915 0.1828
009460 0.7226 0.0886 0.1888
009470 0.7183 0.0859 0.1958
009480 0.7123 0.0844 0.2033
009490 0.7070 0.0840 0.2091
009500 0.6994 0.0857 0.2149
009510 0.6926 0.0878 0.2196
009520 0.6842 0.0896 0.2263
009530 0.6764 0.0911 0.2325
009540 0.6696 0.0927 0.2378
009550 0.6633 0.0941 0.2426
009560 0.6580 0.0958 0.2461
009570 0.6520 0.0974 0.2506
009580 0.6470 0.0981 0.2549
009590 0.6431 0.0996 0.2573
009600 0.6411 0.1017 0.2572
009610 0.6396 0.1043 0.2561
009620 0.6386 0.1082 0.2532
009630 0.6364 0.1134 0.2502
009640 0.6371 0.1191 0.2438
009650 0.6379 0.1262 0.2359
009660 0.6406 0.1309 0.2285
009670 0.6454 0.1348 0.2198
009680 0.6500 0.1382 0.2119
009690 0.6576 0.1392 0.2031
009700 0.6653 0.1381 0.1967
009710 0.6756 0.1342 0.1902
009720 0.6855 0.1297 0.1848
009730 0.6934 0.1259 0.1807
009740 0.7016 0.1206 0.1778
009750 0.7084 0.1158 0.1758
009760 0.7133 0.1127 0.1740
009770 0.7183 0.1106 0.1712
009780 0.7221 0.1087 0.1693
009790 0.7246 0.1073 0.1681
009800 0.7259 0.1062 0.1679
009810 0.7271 0.1048 0.1681
009820 0.7278 0.1035 0.1688
009830 0.7277 0.1020 0.1703
009840 0.7276 0.0991 0.1734
009850 0.7264 0.0962 0.1775
009860 0.7233 0.0942 0.1825
009870 0.7228 0.0900 0.1872
009880 0.7203 0.0867 0.1930
009890 0.7175 0.0838 0.1987
009900 0.7119 0.0831 0.2050
009910 0.7063 0.0822 0.2115
009920 0.6997 0.0822 0.2181
009930 0.6930 0.0841 0.2229
009940 0.6853 0.0881 0.2266
009950 0.6785 0.0937 0.2278
009960 0.6740 0.0994 0.2266
009970 0.6706 0.1052 0.2243
009980 0.6660 0.1120 0.2221
009990 0.6648 0.1182 0.2170
010000 0.6641 0.1244 0.2115
010010 0.6628 0.1310 0.2062
010020 0.6637 0.1344 0.2019
010030 0.6687 0.1342 0.1970
010040 0.6687 0.1342 0.1970
010050 0.6687 0.1342 0.1970
010060 0.6687 0.1342 0.1970
010070 0.6687 0.1342 0.1970
010080 0.6687 0.1342 0.1970
010090 0.6687 0.1342 0.1970
010100 0.6687 0.1342 0.1970
010110 0.6687 0.1342 0.1970
010120 0.6687 0.1342 0.1970
010130 0.6687 0.1342 0.1970
010140 0.6687 0.1342 0.1970
010150 0.6687 0.1342 0.1970
010160 0.6687 0.1342 0.1970
010170 0.6687 0.1342 0.1970
010180 0.6687 0.1342 0.1970
010190 0.6687 0.1342 0.1970
010200 0.6687 0.1342 0.1970
010210 0.6687 0.1342 0.1970
010220 0.6687 0.1342 0.1970
010230 0.6687 0.1342 0.1970
010240 0.6687 0.1342 0.1970
010250 0.6687 0.1342 0.1970
010260 0.6687 0.1342 0.1970
010270 0.6687 0.1342 0.1970
010280 0.6687 0.1342 0.1970
010290 0.6687 0.1342 0.1970
010300 0.6687 0.1342 0.1970
010310 0.6687 0.1342 0.1970
010320 0.6687 0.1342 0.1970
010330 0.6687 0.1342 0.1970
010340 0.6687 0.1342 0.1970
010350 0.6687 0.1342 0.1970
010360 0.6687 0.1342 0.1970
010370 0.6687 0.1342 0.1970
010380 0.6687 0.1342 0.1970
010390 0.6687 0.1342 0.1970
010400 0.6687 0.1342 0.1970
010410 0.6687 0.1342 0.1970
010420 0.6687 0.1342 0.1970
010430 0.6687 0.1342 0.1970
010440 0.6687 0.1342 0.1970
010450 0.6687 0.1342 0.1970
010460 0.6687 0.1342 0.1970
010470 0.6687 0.1342 0.1970
010480 0.6687 0.1342 0.1970
010490 0.6687 0.1342 0.1970
010500 0.6687 0.1342 0.1970
010510 0.6687 0.1342 0.1970
010520 0.6687 0.1342 0.1970
010530 0.6687 0.1342 0.1970
010540 0.6687 0.1342 0.1970
010550 0.6687 0.1342 0.1970
010560 0.6687 0.1342 0.1970
010570 0.6687 0.1342 0.1970
010580 0.6687 0.1342 0.1970
010590 0.6687 0.1342 0.1970
010600 0.6687 0.1342 0.1970
010610 0.6687 0.1342 0.1970
010620 0.6687 0.1342 0.1970
010630 0.6687 0.1342 0.1970
010640 0.6687 0.1342 0.1970
010650 0.6687 0.1342 0.1970
010660 0.6687 0.1342 0.1970
010670 0.6687 0.1342 0.1970
010680 0.6687 0.1342 0.1970
010690 0.6687 0.1342 0.1970
010700 0.6687 0.1342 0.1970
010710 0.6687 0.1342 0.1970
010720 0.6687 0.1342 0.1970
010730 0.6687 0.1342 0.1970
010740 0.6687 0.1342 0.1970
010750 0.6687 0.1342 0.1970
010760 0.6687 0.1342 0.1970
010770 0.6687 0.1342 0.1970
010780 0.6687 0.1342 0.1970
010790 0.6687 0.1342 0.1970
010800 0.6687 0.1342 0.1970
010810 0.6687 0.1342 0.1970
010820 0.6687 0.1342 0.1970
010830 0.6687 0.1342 0.1970
010840 0.6687 0.1342 0.1970
010850 0.6687 0.1342 0.1970
010860 0.6687 0.1342 0.1970
010870 0.6687 0.1342 0.1970
010880 0.6687 0.1342 0.1970
010890 0.6687 0.1342 0.1970
010900 0.6687 0.1342 0.1970
010910 0.6687 0.1342 0.1970
010920 0.6687 0.1342 0.1970
010930 0.6687 0.1342 0.1970
010940 0.6687 0.1342 0.1970
010950 0.6687 0.1342 0.1970
010960 0.6687 0.1342 0.1970
010970 0.6687 0.1342 0.1970
010980 0.6687 0.1342 0.1970
010990 0.6687 0.1342 0.1970
011000 0.6687 0.1342 0.1970
011010 0.6687 0.1342 0.1970
011020 0.6687 0.1342 0.1970
011030 0.6687 0.1342 0.1970
011040 0.6687 0.1342 0.1970
011050 0.6687 0.1342 0.1970
011060 0.6687 0.1342 0.1970
011070 0.6687 0.1342 0.1970
011080 0.6687 0.1342 0.1970
011090 0.6687 0.1342 0.1970
011100 0.6687 0.1342 0.1970
011110 0.6687 0.1342 0.1970
011120 0.6687 0.1342 0.1970
011130 0.6687 0.1342 0.1970
011140 0.6687 0.1342 0.1970
011150 0.6687 0.1342 0.1970
011160 0.6687 0.1342 0.1970
011170 0.6687 0.1342 0.1970
011180 0.6687 0.1342 0.1970
011190 0.6687 0.1342 0.1970
011200 0.6687 0.1342 0.1970
011210 0.6687 0.1342 0.1970
011220 0.6687 0.1342 0.1970
011230 0.6687 0.1342 0.1970
011240 0.6687 0.1342 0.1970
011250 0.6687 0.1342 0.1970
011260 0.6687 0.1342 0.1970
011270 0.6687 0.1342 0.1970
011280 0.6687 0.1342 0.1970
011290 0.6687 0.1342 0.1970
011300 0.6687 0.1342 0.1970
011310 0.6687 0.1342 0.1970
011320 0.6687 0.1342 0.1970
011330 0.6687 0.1342 0.1970
011340 0.6687 0.1342 0.1970
011350 0.6687 0.1342 0.1970
011360 0.6687 0.1342 0.1970
011370 0.6687 0.1342 0.1970
011380 0.6687 0.1342 0.1970
011390 0.6687 0.1342 0.1970
011400 0.6687 0.1342 0.1970
011410 0.6687 0.1342 0.1970
011420 0.6687 0.1342 0.1970
011430 0.6687 0.1342 0.1970
011440 0.6687 0.1342 0.1970
011450 0.6687 0.1342 0.1970
011460 0.6687 0.1342 0.1970
011470 0.6687 0.1342 0.1970
011480 0.6687 0.1342 0.1970
011490 0.6687 0.1342 0.1970
011500 0.6687 0.1342 0.1970
011510 0.6687 0.1342 0.1970
011520 0.6687 0.1342 0.1970
011530 0.6687 0.1342 0.1970
011540 0.6687 0.1342 0.1970
011550 0.6687 0.1342 0.1970
011560 0.6687 0.1342 0.1970
011570 0.6687 0.1342 0.1970
011580 0.6687 0.1342 0.1970
011590 0.6687 0.1342 0.1970
011600 0.6687 0.1342 0.1970
011610 0.6687 0.1342 0.1970
011620 0.6687 0.1342 0.1970
011630 0.6687 0.1342 0.1970
011640 0.6687 0.1342 0.1970
011650 0.6687 0.1342 0.1970
011660 0.6687 0.1342 0.1970
011670 0.6687 0.1342 0.1970
011680 0.6687 0.1342 0.1970
011690 0.6687 0.1342 0.1970
011700 0.6687 0.1342 0.1970
011710 0.6687 0.1342 0.1970
011720 0.6687 0.1342 0.1970
011730 0.6687 0.1342 0.1970
011740 0.6687 0.1342 0.1970
011750 0.6687 0.1342 0.1970
011760 0.6687 0.1342 0.1970
011770 0.6687 0.1342 0.1970
011780 0.6687 0.1342 0.1970
011790 0.6687 0.1342 0.1970
011800 0.6687 0.1342 0.1970
011810 0.6687 0.1342 0.1970
011820 0.6687 0.1342 0.1970
011830 0.6687 0.1342 0.1970
011840 0.6687 0.1342 0.1970
011850 0.6687 0.1342 0.1970
011860 0.6687 0.1342 0.1970
011870 0.6687 0.1342 0.1970
011880 0.6687 0.1342 0.1970
011890 0.6687 0.1342 0.1970
011900 0.6687 0.1342 0.1970
011910 0.6687 0.1342 0.1970
011920 0.6687 0.1342 0.1970
011930 0.6687 0.1342 0.1970
011940 0.6687 0.1342 0.1970
011950 0.6687 0.1342 0.1970
011960 0.6687 0.1342 0.1970
011970 0.6687 0.1342 0.1970
011980 0.6687 0.1342 0.1970
011990 0.6687 0.1342 0.1970
012000 0.6687 0.1342 0.1970
012010 0.6687 0.1342 0.1970
012020 0.6687 0.1342 0.1970
012030 0.6687 0.1342 0.1970
012040 0.6687 0.1342 0.1970
012050 0.6687 0.1342 0.1970
012060 0.6687 0.1342 0.1970
012070 0.6687 0.1342 0.1970
012080 0.6687 0.1342 0.1970
012090 0.6687 0.1342 0.1970
012100 0.6687 0.1342 0.1970
012110 0.6687 0.1342 0.1970
012120 0.6687 0.1342 0.1970
012130 0.6687 0.1342 0.1970
012140 0.6687 0.1342 0.1970
012150 0.6687 0.1342 0.1970
012160 0.6687 0.1342 0.1970
012170 0.6687 0.1342 0.1970
012180 0.6687 0.1342 0.1970
012190 0.6687 0.1342 0.1970
012200 0.6687 0.1342 0.1970
012210 0.6687 0.1342 0.1970
012220 0.6687 0.1342 0.1970
012230 0.6687 0.1342 0.1970
012240 0.6687 0.1342 0.1970
012250 0.6687 0.1342 0.1970
012260 0.6687 0.1342 0.1970
012270 0.6687 0.1342 0.1970
012280 0.6687 0.1342 0.1970
012290 0.6687 0.1342 0.1970
012300 0.6687 0.1342 0.1970
012310 0.6687 0.1342 0.1970
012320 0.6687 0.1342 0.1970
012330 0.6687 0.1342 0.1970
012340 0.6687 0.1342 0.1970
012350 0.6687 0.1342 0.1970
012360 0.6687 0.1342 0.1970
012370 0.6687 0.1342 0.1970
012380 0.6687 0.1342 0.1970
012390 0.6687 0.1342 0.1970
012400 0.6687 0.1342 0.1970
012410 0.6687 0.1342 0.1970
012420 0.6687 0.1342 0.1970
012430 0.6687 0.1342 0.1970
012440 0.6687 0.1342 0.1970
012450 0.6687 0.1342 0.1970
012460 0.6687 0.1342 0.1970
012470 0.6687 0.1342 0.1970
012480 0.6687 0.1342 0.1970
012490 0.6687 0.1342 0.1970
012500 0.6687 0.1342 0.1970
012510 0.6687 0.1342 0.1970
012520 0.6687 0.1342 0.1970
012530 0.6687 0.1342 0.1970
012540 0.6687 0.1342 0.1970
012550 0.6687 0.1342 0.1970
012560 0.6687 0.1342 0.1970
012570 0.6687 0.1342 0.1970
012580 0.6687 0.1342 0.1970
012590 0.6687 0.1342 0.1970
012600 0.6687 0.1342 0.1970
012610 0.6687 0.1342 0.1970
012620 0.6687 0.1342 0.1970
012630 0.6687 0.1342 0.1970
012640 0.6687 0.1342 0.1970
012650 0.6687 0.1342 0.1970
012660 0.6687 0.1342 0.1970
012670 0.6687 0.1342 0.1970
012680 0.6687 0.1342 0.1970
012690 0.6687 0.1342 0.1970
012700 0.6687 0.1342 0.1970
012710 0.6687 0.1342 0.1970
012720 0.6687 0.1342 0.1970
012730 0.6687 0.1342 0.1970
012740 0.6687 0.1342 0.1970
012750 0.6687 0.1342 0.1970
012760 0.6687 0.1342 0.1970
012770 0.6687 0.1342 0.1970
012780 0.6687 0.1342 0.1970
012790 0.6687 0.1342 0.1970
012800 0.6687 0.1342 0.1970
012810 0.6687 0.1342 0.1970
012820 0.6687 0.1342 0.1970
012830 0.6687 0.1342 0.1970
012840 0.6687 0.1342 0.1970
012850 0.6687 0.1342 0.1970
012860 0.6687 0.1342 0.1970
012870 0.6687 0.1342 0.1970
012880 0.6687 0.1342 0.1970
012890 0.6687 0.1342 0.1970
012900 0.6687 0.1342 0.1970
012910 0.6687 0.1342 0.1970
012920 0.6687 0.1342 0.1970
012930 0.6687 0.1342 0.1970
012940 0.6687 0.1342 0.1970
012950 0.6687 0.1342 0.1970
012960 0.6687 0.1342 0.1970
012970 0.6687 0.1342 0.1970
012980 0.6687 0.1342 0.1970
012990 0.6687 0.1342 0.1970
013000 0.6687 0.1342 0.1970
013010 0.6687 0.1342 0.1970
013020 0.6687 0.1342 0.1970
013030 0.6687 0.1342 0.1970
013040 0.6687 0.1342 0.1970
013050 0.6687 0.1342 0.1970
013060 0.6687 0.1342 0.1970
013070 0.6687 0.1342 0.1970
013080 0.6687 0.1342 0.1970
013090 0.6687 0.1342 0.1970
013100 0.6687 0.1342 0.1970
013110 0.6687 0.1342 0.1970
013120 0.6687 0.1342 0.1970
013130 0.6687 0.1342 0.1970
013140 0.6687 0.1342 0.1970
013150 0.6687 0.1342 0.1970
013160 0.6687 0.1342 0.1970
013170 0.6687 0.1342 0.1970
013180 0.6687 0.1342 0.1970
013190 0.6687 0.1342 0.1970
013200 0.6687 0.1342 0.1970
013210 0.6687 0.1342 0.1970
013220 0.6687 0.1342 0.1970
013230 0.6687 0.1342 0.1970
013240 0.6687 0.1342 0.1970
013250 0.6687 0.1342 0.1970
013260 0.6687 0.1342 0.1970
013270 0.6687 0.1342 0.1970
013280 0.6687 0.1342 0.1970
013290 0.6687 0.1342 0.1970
013300 0.6687 0.1342 0.1970
013310 0.6687 0.1342 0.1970
013320 0.6687 0.1342 0.1970
013330 0.6687 0.1342 0.1970
013340 0.6687 0.1342 0.1970
013350 0.6687 0.1342 0.1970
013360 0.6687 0.1342 0.1970
013370 0.6687 0.1342 0.1970
013380 0.6687 0.1342 0.1970
013390 0.6687 0.1342 0.1970
013400 0.6687 0.1342 0.1970
013410 0.6687 0.1342 0.1970
013420 0.6687 0.1342 0.1970
013430 0.6687 0.1342 0.1970
013440 0.6687 0.1342 0.1970
013450 0.6687 0.1342 0.1970
013460 0.6687 0.1342 0.1970
013470 0.6687 0.1342 0.1970
013480 0.6687 0.1342 0.1970
013490 0.6687 0.1342 0.1970
013500 0.6687 0.1342 0.1970
013510 0.6687 0.1342 0.1970
013520 0.6687 0.1342 0.1970
013530 0.6687 0.1342 0.1970
013540 0.6687 0.1342 0.1970
013550 0.6687 0.1342 0.1970
013560 0.6687 0.1342 0.1970
013570 0.6687 0.1342 0.1970
013580 0.6687 0.1342 0.1970
013590 0.6687 0.1342 0.1970
013600 0.6687 0.1342 0.1970
013610 0.6687 0.1342 0.1970
013620 0.6687 0.1342 0.1970
013630 0.6687 0.1342 0.1970
013640 0.6687 0.1342 0.1970
013650 0.6687 0.1342 0.1970
013660 0.6687 0.1342 0.1970
013670 0.6687 0.1342 0.1970
013680 0.6687 0.1342 0.1970
013690 0.6687 0.1342 0.1970
013700 0.6687 0.1342 0.1970
013710 0.6687 0.1342 0.1970
013720 0.6687 0.1342 0.1970
013730 0.6687 0.1342 0.1970
013740 0.6687 0.1342 0.1970
013750 0.6687 0.1342 0.1970
013760 0.6687 0.1342 0.1970
013770 0.6687 0.1342 0.1970
013780 0.6687 0.1342 0.1970
013790 0.6687 0.1342 0.1970
013800 0.6687 0.1342 0.1970
013810 0.6687 0.1342 0.1970
013820 0.6687 0.1342 0.1970
013830 0.6687 0.1342 0.1970
013840 0.6687 0.1342 0.1970
013850 0.6687 0.1342 0.1970
013860 0.6687 0.1342 0.1970
013870 0.6687 0.1342 0.1970
013880 0.6687 0.1342 0.1970
013890 0.6687 0.1342 0.1970
013900 0.6687 0.1342 0.1970
013910 0.6687 0.1342 0.1970
013920 0.6687 0.1342 0.1970
013930 0.6687 0.1342 0.1970
013940 0.6687 0.1342 0.1970
013950 0.6687 0.1342 0.1970
013960 0.6687 0.1342 0.1970
013970 0.6687 0.1342 0.1970
013980 0.6687 0.1342 0.1970
013990 0.6687 0.1342 0.1970
014000 0.6687 0.1342 0.1970
014010 0.6687 0.1342 0.1970
014020 0.6687 0.1342 0.1970
014030 0.6687 0.1342 0.1970
014040 0.6687 0.1342 0.1970
014050 0.6687 0.1342 0.1970
014060 0.6687 0.1342 0.1970
014070 0.6687 0.1342 0.1970
014080 0.6687 0.1342 0.1970
014090 0.6687 0.1342 0.1970
014100 0.6687 0.1342 0.1970
014110 0.6687 0.1342 0.1970
014120 0.6687 0.1342 0.1970
014130 0.6687 0.1342 0.1970
014140 0.6687 0.1342 0.1970
014150 0.6687 0.1342 0.1970
014160 0.6687 0.1342 0.1970
014170 0.6687 0.1342 0.1970
014180 0.6687 0.1342 0.1970
014190 0.6687 0.1342 0.1970
014200 0.6687 0.1342 0.1970
014210 0.6687 0.1342 0.1970
014220 0.6687 0.1342 0.1970
014230 0.6687 0.1342 0.1970
014240 0.6687 0.1342 0.1970
014250 0.6687 0.1342 0.1970
014260 0.6687 0.1342 0.1970
014270 0.6687 0.1342 0.1970
