000000 0.3333 0.3326 0.3341
000010 0.3340 0.3347 0.3312
000020 0.3403 0.3373 0.3224
000030 0.3536 0.3436 0.3028
000040 0.3775 0.3541 0.2684
000050 0.4132 0.3691 0.2177
000060 0.4598 0.3828 0.1574
000070 0.5161 0.3833 0.1007
000080 0.5766 0.3653 0.0582
000090 0.6364 0.3328 0.0308
000100 0.6942 0.2899 0.0159
000110 0.7493 0.2414 0.0093
000120 0.8017 0.1914 0.0069
000130 0.8502 0.1431 0.0067
000140 0.8931 0.1002 0.0067
000150 0.9281 0.0647 0.0072
000160 0.9521 0.0397 0.0081
000170 0.9679 0.0222 0.0099
000180 0.9765 0.0113 0.0122
000190 0.9793 0.0063 0.0144
000200 0.9788 0.0046 0.0166
000210 0.9762 0.0049 0.0189
000220 0.9725 0.0063 0.0212
000230 0.9684 0.0087 0.0229
000240 0.9647 0.0111 0.0242
000250 0.9617 0.0128 0.0255
000260 0.9586 0.0141 0.0273
000270 0.9558 0.0151 0.0291
000280 0.9530 0.0173 0.0298
000290 0.9509 0.0197 0.0294
000300 0.9491 0.0227 0.0282
000310 0.9479 0.0250 0.0271
000320 0.9481 0.0253 0.0266
000330 0.9491 0.0243 0.0266
000340 0.9505 0.0228 0.0267
000350 0.9513 0.0215 0.0271
000360 0.9507 0.0218 0.0275
000370 0.9508 0.0224 0.0269
000380 0.9509 0.0225 0.0266
000390 0.9503 0.0227 0.0271
000400 0.9505 0.0213 0.0282
000410 0.9492 0.0201 0.0307
000420 0.9471 0.0190 0.0339
000430 0.9442 0.0176 0.0382
000440 0.9399 0.0177 0.0425
000450 0.9340 0.0186 0.0474
000460 0.9284 0.0207 0.0508
000470 0.9236 0.0232 0.0532
000480 0.9196 0.0243 0.0562
000490 0.9154 0.0264 0.0582
000500 0.9109 0.0290 0.0601
000510 0.9062 0.0316 0.0622
000520 0.9012 0.0355 0.0632
000530 0.8963 0.0396 0.0642
000540 0.8913 0.0425 0.0662
000550 0.8872 0.0444 0.0685
000560 0.8849 0.0441 0.0710
000570 0.8820 0.0431 0.0749
000580 0.8786 0.0428 0.0786
000590 0.8748 0.0426 0.0826
000600 0.8705 0.0446 0.0849
000610 0.8672 0.0459 0.0869
000620 0.8637 0.0479 0.0884
000630 0.8608 0.0500 0.0892
000640 0.8574 0.0531 0.0895
000650 0.8533 0.0565 0.0902
000660 0.8495 0.0606 0.0899
000670 0.8463 0.0634 0.0903
000680 0.8442 0.0652 0.0907
000690 0.8440 0.0650 0.0911
000700 0.8441 0.0639 0.0919
000710 0.8437 0.0623 0.0940
000720 0.8415 0.0615 0.0970
000730 0.8378 0.0621 0.1000
000740 0.8335 0.0621 0.1044
000750 0.8271 0.0635 0.1095
000760 0.8201 0.0655 0.1143
000770 0.8143 0.0675 0.1182
000780 0.8094 0.0685 0.1221
000790 0.8049 0.0714 0.1236
000800 0.8003 0.0748 0.1249
000810 0.7963 0.0770 0.1268
000820 0.7936 0.0781 0.1284
000830 0.7909 0.0799 0.1292
000840 0.7882 0.0818 0.1300
000850 0.7866 0.0831 0.1302
000860 0.7856 0.0869 0.1275
000870 0.7852 0.0895 0.1253
000880 0.7849 0.0914 0.1237
000890 0.7861 0.0896 0.1243
000900 0.7863 0.0902 0.1235
000910 0.7876 0.0890 0.1234
000920 0.7896 0.0881 0.1223
000930 0.7908 0.0892 0.1200
000940 0.7944 0.0902 0.1154
000950 0.7984 0.0907 0.1109
000960 0.8046 0.0891 0.1063
000970 0.8125 0.0854 0.1021
000980 0.8192 0.0808 0.1000
000990 0.8244 0.0761 0.0995
001000 0.8266 0.0735 0.0999
001010 0.8271 0.0722 0.1008
001020 0.8252 0.0732 0.1016
001030 0.8226 0.0735 0.1038
001040 0.8200 0.0729 0.1071
001050 0.8157 0.0715 0.1129
001060 0.8110 0.0697 0.1192
001070 0.8051 0.0698 0.1250
001080 0.7985 0.0712 0.1303
001090 0.7916 0.0750 0.1334
001100 0.7864 0.0798 0.1338
001110 0.7836 0.0845 0.1319
001120 0.7825 0.0889 0.1286
001130 0.7819 0.0919 0.1262
001140 0.7826 0.0936 0.1238
001150 0.7840 0.0950 0.1211
001160 0.7865 0.0956 0.1179
001170 0.7912 0.0930 0.1158
001180 0.7956 0.0881 0.1163
001190 0.7986 0.0838 0.1175
001200 0.8008 0.0784 0.1208
001210 0.8009 0.0736 0.1254
001220 0.7994 0.0712 0.1294
001230 0.7966 0.0717 0.1318
001240 0.7912 0.0749 0.1339
001250 0.7884 0.0784 0.1332
001260 0.7848 0.0833 0.1318
001270 0.7817 0.0889 0.1294
001280 0.7808 0.0915 0.1277
001290 0.7814 0.0921 0.1266
001300 0.7836 0.0895 0.1268
001310 0.7856 0.0863 0.1282
001320 0.7848 0.0868 0.1284
001330 0.7842 0.0885 0.1273
001340 0.7840 0.0899 0.1261
001350 0.7832 0.0920 0.1248
001360 0.7844 0.0920 0.1236
001370 0.7865 0.0903 0.1233
001380 0.7880 0.0862 0.1258
001390 0.7858 0.0832 0.1311
001400 0.7818 0.0829 0.1353
001410 0.7790 0.0839 0.1370
001420 0.7763 0.0854 0.1384
001430 0.7713 0.0877 0.1409
001440 0.7656 0.0917 0.1427
001450 0.7615 0.0951 0.1434
001460 0.7584 0.0957 0.1459
001470 0.7566 0.0964 0.1470
001480 0.7564 0.0971 0.1465
001490 0.7557 0.0988 0.1454
001500 0.7571 0.0997 0.1432
001510 0.7575 0.1015 0.1410
001520 0.7605 0.1025 0.1370
001530 0.7616 0.1023 0.1361
001540 0.7626 0.1010 0.1364
001550 0.7623 0.0984 0.1393
001560 0.7621 0.0941 0.1438
001570 0.7608 0.0908 0.1484
001580 0.7597 0.0896 0.1507
001590 0.7555 0.0917 0.1528
001600 0.7520 0.0946 0.1535
001610 0.7493 0.0999 0.1507
001620 0.7482 0.1063 0.1455
001630 0.7491 0.1100 0.1409
001640 0.7544 0.1093 0.1363
001650 0.7611 0.1073 0.1317
001660 0.7666 0.1071 0.1264
001670 0.7748 0.1025 0.1227
001680 0.7810 0.0979 0.1211
001690 0.7839 0.0951 0.1210
001700 0.7854 0.0912 0.1233
001710 0.7857 0.0870 0.1273
001720 0.7832 0.0833 0.1335
001730 0.7807 0.0820 0.1373
001740 0.7771 0.0829 0.1400
001750 0.7721 0.0848 0.1431
001760 0.7665 0.0872 0.1463
001770 0.7635 0.0891 0.1474
001780 0.7609 0.0904 0.1488
001790 0.7560 0.0930 0.1509
001800 0.7519 0.0969 0.1512
001810 0.7496 0.0981 0.1523
001820 0.7453 0.0993 0.1554
001830 0.7422 0.0992 0.1586
001840 0.7381 0.0994 0.1626
001850 0.7324 0.1016 0.1661
001860 0.7289 0.1046 0.1664
001870 0.7283 0.1064 0.1653
001880 0.7302 0.1064 0.1634
001890 0.7318 0.1084 0.1598
001900 0.7341 0.1121 0.1538
001910 0.7382 0.1166 0.1452
001920 0.7441 0.1208 0.1351
001930 0.7531 0.1211 0.1259
001940 0.7623 0.1185 0.1192
001950 0.7727 0.1120 0.1154
001960 0.7838 0.1035 0.1126
001970 0.7927 0.0946 0.1127
001980 0.7992 0.0877 0.1131
001990 0.8023 0.0830 0.1147
002000 0.8044 0.0769 0.1187
002010 0.8012 0.0735 0.1252
002020 0.7953 0.0740 0.1308
002030 0.7876 0.0765 0.1358
002040 0.7802 0.0780 0.1418
002050 0.7717 0.0802 0.1481
002060 0.7638 0.0811 0.1551
002070 0.7555 0.0821 0.1624
002080 0.7469 0.0862 0.1668
002090 0.7377 0.0920 0.1703
002100 0.7322 0.0965 0.1713
002110 0.7282 0.1008 0.1709
002120 0.7256 0.1035 0.1709
002130 0.7256 0.1054 0.1690
002140 0.7250 0.1088 0.1661
002150 0.7249 0.1131 0.1620
002160 0.7258 0.1158 0.1584
002170 0.7292 0.1188 0.1519
002180 0.7353 0.1195 0.1452
002190 0.7421 0.1159 0.1421
002200 0.7471 0.1125 0.1405
002210 0.7523 0.1086 0.1391
002220 0.7581 0.1050 0.1370
002230 0.7620 0.1012 0.1368
002240 0.7649 0.0985 0.1366
002250 0.7631 0.0994 0.1375
002260 0.7620 0.0999 0.1381
002270 0.7613 0.0974 0.1413
002280 0.7601 0.0951 0.1448
002290 0.7596 0.0950 0.1454
002300 0.7588 0.0948 0.1464
002310 0.7594 0.0942 0.1464
002320 0.7581 0.0939 0.1480
002330 0.7571 0.0934 0.1494
002340 0.7565 0.0932 0.1503
002350 0.7556 0.0939 0.1505
002360 0.7538 0.0952 0.1510
002370 0.7511 0.0988 0.1500
002380 0.7494 0.1022 0.1484
002390 0.7480 0.1054 0.1466
002400 0.7465 0.1058 0.1477
002410 0.7460 0.1059 0.1481
002420 0.7470 0.1060 0.1470
002430 0.7488 0.1075 0.1437
002440 0.7526 0.1083 0.1392
002450 0.7558 0.1088 0.1354
002460 0.7600 0.1076 0.1324
002470 0.7664 0.1056 0.1279
002480 0.7745 0.1029 0.1226
002490 0.7828 0.0977 0.1195
002500 0.7878 0.0951 0.1170
002510 0.7929 0.0929 0.1142
002520 0.7972 0.0907 0.1121
002530 0.8029 0.0870 0.1101
002540 0.8090 0.0822 0.1088
002550 0.8121 0.0782 0.1097
002560 0.8122 0.0763 0.1115
002570 0.8100 0.0740 0.1160
002580 0.8078 0.0705 0.1216
002590 0.8047 0.0681 0.1272
002600 0.7987 0.0710 0.1302
002610 0.7936 0.0733 0.1331
002620 0.7890 0.0752 0.1359
002630 0.7836 0.0779 0.1384
002640 0.7773 0.0794 0.1433
002650 0.7701 0.0837 0.1462
002660 0.7627 0.0890 0.1483
002670 0.7582 0.0924 0.1494
002680 0.7533 0.0958 0.1509
002690 0.7511 0.0983 0.1506
002700 0.7507 0.1004 0.1490
002710 0.7527 0.1018 0.1455
002720 0.7535 0.1038 0.1426
002730 0.7552 0.1051 0.1397
002740 0.7585 0.1039 0.1376
002750 0.7624 0.1008 0.1368
002760 0.7668 0.0982 0.1350
002770 0.7702 0.0969 0.1330
002780 0.7737 0.0959 0.1304
002790 0.7753 0.0944 0.1303
002800 0.7763 0.0924 0.1313
002810 0.7765 0.0904 0.1331
002820 0.7775 0.0876 0.1349
002830 0.7778 0.0863 0.1359
002840 0.7770 0.0863 0.1368
002850 0.7745 0.0870 0.1385
002860 0.7707 0.0916 0.1377
002870 0.7689 0.0951 0.1360
002880 0.7688 0.0960 0.1352
002890 0.7687 0.0957 0.1356
002900 0.7678 0.0957 0.1365
002910 0.7668 0.0959 0.1373
002920 0.7661 0.0946 0.1393
002930 0.7655 0.0922 0.1424
002940 0.7649 0.0898 0.1453
002950 0.7615 0.0905 0.1480
002960 0.7582 0.0934 0.1484
002970 0.7561 0.0953 0.1486
002980 0.7546 0.0963 0.1492
002990 0.7539 0.0965 0.1496
003000 0.7516 0.0977 0.1507
003010 0.7498 0.0999 0.1503
003020 0.7499 0.1009 0.1493
003030 0.7518 0.0975 0.1507
003040 0.7529 0.0940 0.1530
003050 0.7541 0.0926 0.1533
003060 0.7546 0.0920 0.1534
003070 0.7528 0.0931 0.1541
003080 0.7502 0.0971 0.1527
003090 0.7480 0.1027 0.1493
003100 0.7465 0.1042 0.1492
003110 0.7465 0.1047 0.1487
003120 0.7467 0.1051 0.1482
003130 0.7485 0.1029 0.1486
003140 0.7501 0.0994 0.1505
003150 0.7516 0.0973 0.1511
003160 0.7512 0.0980 0.1508
003170 0.7507 0.0979 0.1513
003180 0.7505 0.0988 0.1507
003190 0.7482 0.1017 0.1501
003200 0.7465 0.1043 0.1492
003210 0.7467 0.1063 0.1469
003220 0.7480 0.1066 0.1454
003230 0.7500 0.1046 0.1453
003240 0.7531 0.1013 0.1457
003250 0.7569 0.0973 0.1458
003260 0.7600 0.0945 0.1455
003270 0.7626 0.0942 0.1432
003280 0.7631 0.0958 0.1411
003290 0.7636 0.0977 0.1387
003300 0.7643 0.1010 0.1347
003310 0.7637 0.1049 0.1314
003320 0.7645 0.1074 0.1281
003330 0.7671 0.1068 0.1262
003340 0.7726 0.1018 0.1256
003350 0.7762 0.0975 0.1263
003360 0.7803 0.0910 0.1287
003370 0.7836 0.0854 0.1310
003380 0.7826 0.0837 0.1336
003390 0.7796 0.0848 0.1356
003400 0.7763 0.0868 0.1369
003410 0.7745 0.0857 0.1398
003420 0.7719 0.0868 0.1413
003430 0.7683 0.0902 0.1415
003440 0.7660 0.0942 0.1398
003450 0.7682 0.0960 0.1359
003460 0.7712 0.0975 0.1313
003470 0.7740 0.0995 0.1264
003480 0.7757 0.0994 0.1249
003490 0.7779 0.0969 0.1251
003500 0.7814 0.0930 0.1256
003510 0.7842 0.0887 0.1271
003520 0.7866 0.0854 0.1280
003530 0.7846 0.0841 0.1313
003540 0.7828 0.0830 0.1342
003550 0.7800 0.0844 0.1357
003560 0.7779 0.0853 0.1368
003570 0.7749 0.0863 0.1388
003580 0.7715 0.0900 0.1385
003590 0.7682 0.0951 0.1367
003600 0.7653 0.0972 0.1374
003610 0.7632 0.0982 0.1386
003620 0.7622 0.0976 0.1401
003630 0.7633 0.0933 0.1434
003640 0.7616 0.0919 0.1465
003650 0.7581 0.0916 0.1503
003660 0.7541 0.0942 0.1517
003670 0.7493 0.0985 0.1522
003680 0.7451 0.1027 0.1522
003690 0.7416 0.1075 0.1509
003700 0.7395 0.1109 0.1496
003710 0.7412 0.1107 0.1481
003720 0.7468 0.1067 0.1465
003730 0.7511 0.1028 0.1460
003740 0.7550 0.1023 0.1427
003750 0.7585 0.1030 0.1386
003760 0.7619 0.1030 0.1351
003770 0.7643 0.1039 0.1318
003780 0.7680 0.1018 0.1303
003790 0.7718 0.0976 0.1307
003800 0.7752 0.0934 0.1314
003810 0.7765 0.0917 0.1317
003820 0.7773 0.0917 0.1310
003830 0.7813 0.0898 0.1288
003840 0.7848 0.0881 0.1271
003850 0.7864 0.0879 0.1257
003860 0.7872 0.0884 0.1244
003870 0.7879 0.0885 0.1236
003880 0.7893 0.0871 0.1236
003890 0.7900 0.0825 0.1275
003900 0.7893 0.0792 0.1315
003910 0.7841 0.0797 0.1362
003920 0.7792 0.0798 0.1410
003930 0.7723 0.0826 0.1451
003940 0.7689 0.0835 0.1475
003950 0.7656 0.0845 0.1499
003960 0.7642 0.0860 0.1498
003970 0.7623 0.0886 0.1490
003980 0.7606 0.0930 0.1464
003990 0.7599 0.0960 0.1442
004000 0.7588 0.1003 0.1409
004010 0.7577 0.1039 0.1384
004020 0.7592 0.1052 0.1356
004030 0.7651 0.1031 0.1319
004040 0.7725 0.0990 0.1285
004050 0.7800 0.0934 0.1267
004060 0.7854 0.0867 0.1279
004070 0.7868 0.0818 0.1314
004080 0.7859 0.0802 0.1339
004090 0.7840 0.0807 0.1353
004100 0.7804 0.0829 0.1368
004110 0.7756 0.0882 0.1362
004120 0.7714 0.0936 0.1351
004130 0.7675 0.0970 0.1354
004140 0.7658 0.0982 0.1359
004150 0.7664 0.0959 0.1377
004160 0.7661 0.0934 0.1405
004170 0.7650 0.0915 0.1435
004180 0.7625 0.0922 0.1454
004190 0.7598 0.0919 0.1483
004200 0.7583 0.0916 0.1501
004210 0.7550 0.0946 0.1504
004220 0.7523 0.0997 0.1480
004230 0.7495 0.1065 0.1440
004240 0.7478 0.1130 0.1392
004250 0.7506 0.1139 0.1354
004260 0.7544 0.1124 0.1332
004270 0.7618 0.1078 0.1304
004280 0.7714 0.0993 0.1293
004290 0.7776 0.0910 0.1314
004300 0.7803 0.0869 0.1328
004310 0.7816 0.0848 0.1336
004320 0.7824 0.0847 0.1329
004330 0.7815 0.0864 0.1321
004340 0.7793 0.0904 0.1303
004350 0.7771 0.0936 0.1293
004360 0.7760 0.0927 0.1314
004370 0.7743 0.0915 0.1342
004380 0.7723 0.0898 0.1379
004390 0.7688 0.0904 0.1408
004400 0.7674 0.0936 0.1390
004410 0.7674 0.0941 0.1385
004420 0.7657 0.0954 0.1389
004430 0.7656 0.0970 0.1374
004440 0.7663 0.0991 0.1346
004450 0.7709 0.0988 0.1303
004460 0.7746 0.0954 0.1300
004470 0.7760 0.0952 0.1288
004480 0.7753 0.0949 0.1298
004490 0.7755 0.0908 0.1337
004500 0.7749 0.0879 0.1373
004510 0.7738 0.0843 0.1420
004520 0.7729 0.0837 0.1434
004530 0.7706 0.0859 0.1434
004540 0.7668 0.0917 0.1415
004550 0.7649 0.0961 0.1390
004560 0.7641 0.0991 0.1368
004570 0.7628 0.1005 0.1368
004580 0.7615 0.1014 0.1371
004590 0.7598 0.1025 0.1377
004600 0.7584 0.1033 0.1383
004610 0.7581 0.1016 0.1403
004620 0.7585 0.1003 0.1412
004630 0.7589 0.1012 0.1399
004640 0.7602 0.1007 0.1391
004650 0.7638 0.0970 0.1392
004660 0.7663 0.0922 0.1415
004670 0.7644 0.0919 0.1437
004680 0.7617 0.0927 0.1456
004690 0.7580 0.0941 0.1479
004700 0.7531 0.0977 0.1492
004710 0.7491 0.1038 0.1471
004720 0.7470 0.1088 0.1442
004730 0.7496 0.1084 0.1419
004740 0.7533 0.1054 0.1413
004750 0.7552 0.1043 0.1405
004760 0.7584 0.1016 0.1400
004770 0.7601 0.0986 0.1413
004780 0.7616 0.0980 0.1404
004790 0.7627 0.0978 0.1395
004800 0.7648 0.0962 0.1390
004810 0.7660 0.0939 0.1401
004820 0.7663 0.0922 0.1415
004830 0.7675 0.0896 0.1429
004840 0.7670 0.0894 0.1436
004850 0.7647 0.0910 0.1443
004860 0.7634 0.0921 0.1445
004870 0.7608 0.0930 0.1463
004880 0.7587 0.0933 0.1480
004890 0.7554 0.0958 0.1488
004900 0.7533 0.0972 0.1495
004910 0.7510 0.0976 0.1514
004920 0.7493 0.0981 0.1526
004930 0.7494 0.0982 0.1524
004940 0.7494 0.0996 0.1509
004950 0.7496 0.1010 0.1494
004960 0.7529 0.0997 0.1474
004970 0.7536 0.1032 0.1432
004980 0.7565 0.1048 0.1387
004990 0.7588 0.1071 0.1340
005000 0.7610 0.1074 0.1316
005010 0.7655 0.1046 0.1299
005020 0.7719 0.0991 0.1290
005030 0.7774 0.0936 0.1290
005040 0.7804 0.0884 0.1311
005050 0.7795 0.0857 0.1348
005060 0.7776 0.0846 0.1379
005070 0.7739 0.0847 0.1415
005080 0.7698 0.0847 0.1455
005090 0.7666 0.0862 0.1472
005100 0.7649 0.0884 0.1467
005110 0.7632 0.0929 0.1439
005120 0.7622 0.0968 0.1410
005130 0.7633 0.0962 0.1405
005140 0.7642 0.0963 0.1395
005150 0.7647 0.0952 0.1401
005160 0.7635 0.0935 0.1431
005170 0.7612 0.0902 0.1486
005180 0.7565 0.0891 0.1544
005190 0.7490 0.0922 0.1589
005200 0.7404 0.0982 0.1614
005210 0.7347 0.1022 0.1631
005220 0.7307 0.1062 0.1632
005230 0.7291 0.1116 0.1594
005240 0.7289 0.1162 0.1549
005250 0.7303 0.1220 0.1477
005260 0.7352 0.1252 0.1396
005270 0.7423 0.1265 0.1311
005280 0.7546 0.1223 0.1231
005290 0.7697 0.1148 0.1155
005300 0.7833 0.1067 0.1100
005310 0.7942 0.0986 0.1071
005320 0.8018 0.0888 0.1094
005330 0.8042 0.0813 0.1144
005340 0.8013 0.0786 0.1201
005350 0.7984 0.0760 0.1256
005360 0.7959 0.0741 0.1300
005370 0.7927 0.0748 0.1325
005380 0.7871 0.0767 0.1361
005390 0.7824 0.0795 0.1381
005400 0.7764 0.0841 0.1394
005410 0.7717 0.0884 0.1399
005420 0.7679 0.0926 0.1395
005430 0.7642 0.0971 0.1387
005440 0.7614 0.1000 0.1386
005450 0.7607 0.1007 0.1387
005460 0.7615 0.0992 0.1392
005470 0.7606 0.1010 0.1384
005480 0.7619 0.1012 0.1369
005490 0.7658 0.0978 0.1364
005500 0.7684 0.0952 0.1364
005510 0.7697 0.0941 0.1361
005520 0.7701 0.0954 0.1344
005530 0.7703 0.0948 0.1349
005540 0.7709 0.0925 0.1366
005550 0.7700 0.0919 0.1381
005560 0.7692 0.0906 0.1402
005570 0.7668 0.0915 0.1418
005580 0.7646 0.0925 0.1429
005590 0.7628 0.0929 0.1444
005600 0.7618 0.0935 0.1447
005610 0.7605 0.0933 0.1463
005620 0.7571 0.0965 0.1464
005630 0.7563 0.0999 0.1437
005640 0.7577 0.1018 0.1405
005650 0.7597 0.1024 0.1379
005660 0.7618 0.1034 0.1348
005670 0.7658 0.1026 0.1316
005680 0.7711 0.0988 0.1301
005690 0.7749 0.0939 0.1313
005700 0.7781 0.0901 0.1317
005710 0.7797 0.0875 0.1328
005720 0.7805 0.0852 0.1343
005730 0.7790 0.0822 0.1387
005740 0.7761 0.0804 0.1435
005750 0.7705 0.0807 0.1489
005760 0.7653 0.0810 0.1537
005770 0.7592 0.0825 0.1583
005780 0.7510 0.0889 0.1601
005790 0.7440 0.0969 0.1591
005800 0.7386 0.1050 0.1563
005810 0.7364 0.1118 0.1517
005820 0.7381 0.1150 0.1470
005830 0.7413 0.1144 0.1443
005840 0.7473 0.1111 0.1415
005850 0.7541 0.1057 0.1402
005860 0.7602 0.1009 0.1389
005870 0.7640 0.0976 0.1385
005880 0.7661 0.0943 0.1396
005890 0.7663 0.0930 0.1408
005900 0.7650 0.0925 0.1424
005910 0.7655 0.0919 0.1426
005920 0.7647 0.0925 0.1429
005930 0.7632 0.0952 0.1417
005940 0.7633 0.0958 0.1410
005950 0.7619 0.0974 0.1407
005960 0.7610 0.0989 0.1401
005970 0.7622 0.0961 0.1417
005980 0.7617 0.0930 0.1453
005990 0.7613 0.0911 0.1476
006000 0.7589 0.0923 0.1487
006010 0.7581 0.0928 0.1490
006020 0.7575 0.0929 0.1496
006030 0.7579 0.0930 0.1491
006040 0.7564 0.0942 0.1494
006050 0.7546 0.0961 0.1493
006060 0.7530 0.0983 0.1488
006070 0.7525 0.1013 0.1462
006080 0.7534 0.1032 0.1434
006090 0.7553 0.1031 0.1416
006100 0.7558 0.1028 0.1414
006110 0.7587 0.1007 0.1407
006120 0.7606 0.0975 0.1420
006130 0.7648 0.0951 0.1401
006140 0.7671 0.0942 0.1387
006150 0.7689 0.0949 0.1363
006160 0.7690 0.0965 0.1345
006170 0.7692 0.0977 0.1331
006180 0.7723 0.0966 0.1311
006190 0.7744 0.0954 0.1302
006200 0.7768 0.0941 0.1291
006210 0.7781 0.0946 0.1273
006220 0.7801 0.0934 0.1265
006230 0.7813 0.0920 0.1267
006240 0.7800 0.0920 0.1280
006250 0.7794 0.0906 0.1300
006260 0.7805 0.0882 0.1314
006270 0.7819 0.0857 0.1324
006280 0.7799 0.0867 0.1334
006290 0.7791 0.0882 0.1327
006300 0.7783 0.0884 0.1333
006310 0.7775 0.0868 0.1358
006320 0.7761 0.0864 0.1375
006330 0.7750 0.0882 0.1368
006340 0.7712 0.0921 0.1366
006350 0.7670 0.0972 0.1358
006360 0.7642 0.0996 0.1361
006370 0.7639 0.0996 0.1366
006380 0.7641 0.0999 0.1360
006390 0.7642 0.0964 0.1394
006400 0.7661 0.0905 0.1434
006410 0.7667 0.0857 0.1475
006420 0.7659 0.0840 0.1501
006430 0.7640 0.0847 0.1513
006440 0.7602 0.0877 0.1521
006450 0.7557 0.0923 0.1520
006460 0.7531 0.0958 0.1510
006470 0.7516 0.0969 0.1515
006480 0.7514 0.0987 0.1499
006490 0.7504 0.0997 0.1498
006500 0.7505 0.1015 0.1479
006510 0.7496 0.1048 0.1456
006520 0.7488 0.1064 0.1447
006530 0.7494 0.1072 0.1434
006540 0.7496 0.1086 0.1419
006550 0.7513 0.1098 0.1389
006560 0.7544 0.1103 0.1354
006570 0.7611 0.1090 0.1299
006580 0.7697 0.1053 0.1250
006590 0.7786 0.0992 0.1221
006600 0.7863 0.0918 0.1219
006610 0.7914 0.0865 0.1221
006620 0.7937 0.0831 0.1233
006630 0.7934 0.0820 0.1247
006640 0.7914 0.0811 0.1275
006650 0.7895 0.0812 0.1293
006660 0.7876 0.0817 0.1307
006670 0.7860 0.0824 0.1316
006680 0.7840 0.0830 0.1331
006690 0.7827 0.0829 0.1344
006700 0.7818 0.0848 0.1335
006710 0.7800 0.0870 0.1330
006720 0.7785 0.0871 0.1344
006730 0.7754 0.0879 0.1367
006740 0.7721 0.0897 0.1382
006750 0.7687 0.0923 0.1391
006760 0.7676 0.0924 0.1400
006770 0.7680 0.0936 0.1385
006780 0.7670 0.0942 0.1388
006790 0.7655 0.0931 0.1414
006800 0.7642 0.0940 0.1418
006810 0.7646 0.0952 0.1401
006820 0.7653 0.0971 0.1376
006830 0.7652 0.0995 0.1352
006840 0.7675 0.1004 0.1321
006850 0.7693 0.0999 0.1308
006860 0.7715 0.0978 0.1308
006870 0.7747 0.0933 0.1321
006880 0.7772 0.0899 0.1328
006890 0.7791 0.0856 0.1353
006900 0.7772 0.0824 0.1404
006910 0.7730 0.0826 0.1444
006920 0.7657 0.0852 0.1491
006930 0.7591 0.0888 0.1521
006940 0.7550 0.0925 0.1525
006950 0.7517 0.0959 0.1525
006960 0.7492 0.0994 0.1515
006970 0.7479 0.1031 0.1490
006980 0.7496 0.1035 0.1469
006990 0.7533 0.1033 0.1434
007000 0.7554 0.1039 0.1407
007010 0.7578 0.1033 0.1390
007020 0.7609 0.1023 0.1368
007030 0.7646 0.1003 0.1351
007040 0.7686 0.0990 0.1324
007050 0.7714 0.0968 0.1319
007060 0.7737 0.0965 0.1298
007070 0.7744 0.0978 0.1277
007080 0.7777 0.0955 0.1268
007090 0.7791 0.0927 0.1282
007100 0.7804 0.0911 0.1285
007110 0.7809 0.0900 0.1291
007120 0.7804 0.0894 0.1302
007130 0.7794 0.0883 0.1323
007140 0.7781 0.0870 0.1348
007150 0.7772 0.0862 0.1365
007160 0.7769 0.0841 0.1391
007170 0.7753 0.0848 0.1399
007180 0.7717 0.0869 0.1414
007190 0.7680 0.0896 0.1424
007200 0.7642 0.0937 0.1420
007210 0.7609 0.0959 0.1432
007220 0.7578 0.0980 0.1443
007230 0.7553 0.1013 0.1434
007240 0.7536 0.1048 0.1416
007250 0.7520 0.1078 0.1402
007260 0.7532 0.1083 0.1386
007270 0.7573 0.1060 0.1367
007280 0.7622 0.1028 0.1349
007290 0.7676 0.0998 0.1326
007300 0.7749 0.0959 0.1292
007310 0.7806 0.0931 0.1263
007320 0.7857 0.0918 0.1224
007330 0.7902 0.0890 0.1208
007340 0.7928 0.0857 0.1214
007350 0.7927 0.0848 0.1224
007360 0.7902 0.0850 0.1249
007370 0.7869 0.0850 0.1281
007380 0.7847 0.0835 0.1318
007390 0.7830 0.0808 0.1361
007400 0.7792 0.0798 0.1410
007410 0.7735 0.0813 0.1452
007420 0.7650 0.0838 0.1512
007430 0.7586 0.0877 0.1537
007440 0.7533 0.0916 0.1550
007450 0.7498 0.0957 0.1544
007460 0.7455 0.1009 0.1535
007470 0.7445 0.1059 0.1496
007480 0.7460 0.1103 0.1438
007490 0.7493 0.1109 0.1398
007500 0.7544 0.1064 0.1392
007510 0.7611 0.1006 0.1382
007520 0.7665 0.0955 0.1379
007530 0.7697 0.0930 0.1373
007540 0.7694 0.0931 0.1375
007550 0.7686 0.0952 0.1362
007560 0.7687 0.0965 0.1348
007570 0.7703 0.0954 0.1343
007580 0.7705 0.0945 0.1350
007590 0.7724 0.0912 0.1364
007600 0.7729 0.0921 0.1349
007610 0.7735 0.0936 0.1329
007620 0.7749 0.0933 0.1318
007630 0.7763 0.0929 0.1308
007640 0.7766 0.0925 0.1309
007650 0.7753 0.0938 0.1309
007660 0.7742 0.0941 0.1317
007670 0.7758 0.0916 0.1326
007680 0.7750 0.0912 0.1338
007690 0.7741 0.0920 0.1339
007700 0.7741 0.0936 0.1323
007710 0.7745 0.0942 0.1313
007720 0.7752 0.0943 0.1305
007730 0.7744 0.0941 0.1315
007740 0.7732 0.0930 0.1338
007750 0.7711 0.0921 0.1368
007760 0.7693 0.0913 0.1394
007770 0.7675 0.0928 0.1397
007780 0.7654 0.0959 0.1387
007790 0.7644 0.0996 0.1359
007800 0.7635 0.1023 0.1342
007810 0.7651 0.1033 0.1316
007820 0.7689 0.1000 0.1311
007830 0.7732 0.0949 0.1319
007840 0.7761 0.0894 0.1345
007850 0.7754 0.0869 0.1377
007860 0.7727 0.0865 0.1408
007870 0.7688 0.0885 0.1426
007880 0.7678 0.0884 0.1438
007890 0.7653 0.0883 0.1463
007900 0.7625 0.0900 0.1475
007910 0.7591 0.0935 0.1475
007920 0.7568 0.0961 0.1471
007930 0.7552 0.0986 0.1462
007940 0.7548 0.0997 0.1455
007950 0.7543 0.1001 0.1457
007960 0.7562 0.0974 0.1464
007970 0.7582 0.0952 0.1466
007980 0.7586 0.0944 0.1469
007990 0.7592 0.0937 0.1471
008000 0.7579 0.0953 0.1468
008010 0.7567 0.0974 0.1460
008020 0.7579 0.0982 0.1439
008030 0.7580 0.1022 0.1398
008040 0.7606 0.1040 0.1354
008050 0.7666 0.1022 0.1313
008060 0.7708 0.0997 0.1295
008070 0.7745 0.0956 0.1299
008080 0.7761 0.0934 0.1305
008090 0.7771 0.0928 0.1301
008100 0.7769 0.0939 0.1292
008110 0.7775 0.0925 0.1300
008120 0.7796 0.0909 0.1295
008130 0.7805 0.0905 0.1290
008140 0.7810 0.0917 0.1273
008150 0.7818 0.0929 0.1253
008160 0.7851 0.0920 0.1229
008170 0.7866 0.0917 0.1217
008180 0.7873 0.0911 0.1216
008190 0.7889 0.0883 0.1227
008200 0.7893 0.0863 0.1245
008210 0.7894 0.0847 0.1259
008220 0.7885 0.0829 0.1286
008230 0.7856 0.0849 0.1295
008240 0.7833 0.0877 0.1291
008250 0.7825 0.0901 0.1274
008260 0.7837 0.0920 0.1242
008270 0.7857 0.0929 0.1214
008280 0.7884 0.0920 0.1196
008290 0.7908 0.0916 0.1176
008300 0.7953 0.0874 0.1173
008310 0.7986 0.0825 0.1189
008320 0.7997 0.0778 0.1226
008330 0.7984 0.0752 0.1263
008340 0.7933 0.0753 0.1314
008350 0.7865 0.0777 0.1357
008360 0.7810 0.0802 0.1388
008370 0.7758 0.0829 0.1413
008380 0.7713 0.0857 0.1431
008390 0.7669 0.0889 0.1442
008400 0.7623 0.0929 0.1448
008410 0.7593 0.0973 0.1434
008420 0.7572 0.1012 0.1417
008430 0.7557 0.1043 0.1400
008440 0.7544 0.1057 0.1398
008450 0.7555 0.1048 0.1398
008460 0.7556 0.1051 0.1393
008470 0.7562 0.1057 0.1381
008480 0.7601 0.1064 0.1335
008490 0.7661 0.1054 0.1285
008500 0.7734 0.1029 0.1237
008510 0.7813 0.0979 0.1208
008520 0.7904 0.0915 0.1181
008530 0.7971 0.0852 0.1177
008540 0.8008 0.0813 0.1179
008550 0.8022 0.0781 0.1197
008560 0.8022 0.0761 0.1217
008570 0.7984 0.0776 0.1239
008580 0.7938 0.0791 0.1270
008590 0.7911 0.0805 0.1284
008600 0.7884 0.0836 0.1280
008610 0.7882 0.0828 0.1289
008620 0.7877 0.0814 0.1310
008630 0.7861 0.0796 0.1343
008640 0.7844 0.0790 0.1366
008650 0.7816 0.0790 0.1394
008660 0.7767 0.0810 0.1423
008670 0.7737 0.0834 0.1429
008680 0.7698 0.0880 0.1422
008690 0.7667 0.0930 0.1403
008700 0.7649 0.0956 0.1395
008710 0.7631 0.0983 0.1386
008720 0.7611 0.0994 0.1395
008730 0.7605 0.0997 0.1397
008740 0.7609 0.0977 0.1414
008750 0.7592 0.0951 0.1457
008760 0.7577 0.0937 0.1486
008770 0.7542 0.0943 0.1516
008780 0.7504 0.0954 0.1542
008790 0.7472 0.0966 0.1561
008800 0.7440 0.1020 0.1540
008810 0.7426 0.1085 0.1489
008820 0.7437 0.1141 0.1422
008830 0.7473 0.1183 0.1344
008840 0.7529 0.1180 0.1291
008850 0.7601 0.1135 0.1264
008860 0.7675 0.1064 0.1261
008870 0.7754 0.0966 0.1280
008880 0.7786 0.0889 0.1325
008890 0.7796 0.0850 0.1354
008900 0.7766 0.0847 0.1387
008910 0.7714 0.0871 0.1415
008920 0.7653 0.0913 0.1434
008930 0.7613 0.0939 0.1448
008940 0.7589 0.0965 0.1446
008950 0.7572 0.0971 0.1457
008960 0.7571 0.0942 0.1487
008970 0.7581 0.0900 0.1519
008980 0.7564 0.0888 0.1548
008990 0.7539 0.0911 0.1550
009000 0.7504 0.0952 0.1544
009010 0.7456 0.0996 0.1548
009020 0.7440 0.1014 0.1545
009030 0.7434 0.1013 0.1553
009040 0.7427 0.1003 0.1569
009050 0.7420 0.1012 0.1568
009060 0.7412 0.1031 0.1557
009070 0.7419 0.1046 0.1535
009080 0.7442 0.1052 0.1506
009090 0.7465 0.1063 0.1473
009100 0.7479 0.1097 0.1424
009110 0.7521 0.1102 0.1377
009120 0.7562 0.1116 0.1321
009130 0.7628 0.1075 0.1296
009140 0.7692 0.1020 0.1288
009150 0.7734 0.0964 0.1302
009160 0.7763 0.0915 0.1323
009170 0.7784 0.0883 0.1333
009180 0.7778 0.0884 0.1338
009190 0.7771 0.0898 0.1331
009200 0.7757 0.0931 0.1313
009210 0.7739 0.0954 0.1307
009220 0.7738 0.0955 0.1307
009230 0.7740 0.0959 0.1301
009240 0.7764 0.0945 0.1290
009250 0.7776 0.0934 0.1291
009260 0.7801 0.0918 0.1281
009270 0.7815 0.0903 0.1282
009280 0.7820 0.0901 0.1279
009290 0.7826 0.0906 0.1267
009300 0.7839 0.0901 0.1260
009310 0.7858 0.0915 0.1227
009320 0.7882 0.0901 0.1217
009330 0.7902 0.0856 0.1242
009340 0.7893 0.0807 0.1300
009350 0.7863 0.0773 0.1364
009360 0.7830 0.0749 0.1420
009370 0.7773 0.0755 0.1472
009380 0.7685 0.0788 0.1527
009390 0.7612 0.0823 0.1565
009400 0.7534 0.0862 0.1604
009410 0.7454 0.0906 0.1639
009420 0.7397 0.0936 0.1668
009430 0.7346 0.0974 0.1680
009440 0.7309 0.1019 0.1672
009450 0.7290 0.1044 0.1666
009460 0.7266 0.1058 0.1676
009470 0.7240 0.1082 0.1678
009480 0.7228 0.1117 0.1655
009490 0.7229 0.1171 0.1600
009500 0.7269 0.1226 0.1505
009510 0.7345 0.1262 0.1393
009520 0.7445 0.1284 0.1271
009530 0.7568 0.1247 0.1185
009540 0.7706 0.1158 0.1137
009550 0.7842 0.1048 0.1110
009560 0.7940 0.0933 0.1126
009570 0.7998 0.0824 0.1178
009580 0.8008 0.0761 0.1231
009590 0.7968 0.0765 0.1267
009600 0.7909 0.0811 0.1280
009610 0.7849 0.0866 0.1284
009620 0.7802 0.0905 0.1293
009630 0.7786 0.0916 0.1298
009640 0.7796 0.0897 0.1307
009650 0.7806 0.0883 0.1311
009660 0.7807 0.0883 0.1310
009670 0.7809 0.0902 0.1289
009680 0.7837 0.0898 0.1265
009690 0.7881 0.0896 0.1223
009700 0.7905 0.0880 0.1215
009710 0.7920 0.0868 0.1212
009720 0.7922 0.0860 0.1218
009730 0.7944 0.0847 0.1209
009740 0.7985 0.0809 0.1206
009750 0.7998 0.0788 0.1214
009760 0.7988 0.0799 0.1213
009770 0.7971 0.0809 0.1220
009780 0.7935 0.0840 0.1225
009790 0.7894 0.0874 0.1233
009800 0.7890 0.0889 0.1221
009810 0.7899 0.0902 0.1199
009820 0.7932 0.0877 0.1191
009830 0.7983 0.0830 0.1187
009840 0.8010 0.0784 0.1206
009850 0.7985 0.0773 0.1243
009860 0.7934 0.0763 0.1303
009870 0.7884 0.0755 0.1361
009880 0.7821 0.0759 0.1420
009890 0.7758 0.0776 0.1466
009900 0.7695 0.0821 0.1484
009910 0.7654 0.0864 0.1482
009920 0.7623 0.0920 0.1457
009930 0.7595 0.0979 0.1426
009940 0.7596 0.1030 0.1373
009950 0.7621 0.1060 0.1319
009960 0.7691 0.1057 0.1252
009970 0.7773 0.1012 0.1215
009980 0.7848 0.0956 0.1197
009990 0.7908 0.0903 0.1189
010000 0.7944 0.0870 0.1185
010010 0.7962 0.0823 0.1214
010020 0.7962 0.0823 0.1214
010030 0.7962 0.0823 0.1214
010040 0.7962 0.0823 0.1214
010050 0.7962 0.0823 0.1214
010060 0.7962 0.0823 0.1214
010070 0.7962 0.0823 0.1214
010080 0.7962 0.0823 0.1214
010090 0.7962 0.0823 0.1214
010100 0.7962 0.0823 0.1214
010110 0.7962 0.0823 0.1214
010120 0.7962 0.0823 0.1214
010130 0.7962 0.0823 0.1214
010140 0.7962 0.0823 0.1214
010150 0.7962 0.0823 0.1214
010160 0.7962 0.0823 0.1214
010170 0.7962 0.0823 0.1214
010180 0.7962 0.0823 0.1214
010190 0.7962 0.0823 0.1214
010200 0.7962 0.0823 0.1214
010210 0.7962 0.0823 0.1214
010220 0.7962 0.0823 0.1214
010230 0.7962 0.0823 0.1214
010240 0.7962 0.0823 0.1214
010250 0.7962 0.0823 0.1214
010260 0.7962 0.0823 0.1214
010270 0.7962 0.0823 0.1214
010280 0.7962 0.0823 0.1214
010290 0.7962 0.0823 0.1214
010300 0.7962 0.0823 0.1214
010310 0.7962 0.0823 0.1214
010320 0.7962 0.0823 0.1214
010330 0.7962 0.0823 0.1214
010340 0.7962 0.0823 0.1214
010350 0.7962 0.0823 0.1214
010360 0.7962 0.0823 0.1214
010370 0.7962 0.0823 0.1214
010380 0.7962 0.0823 0.1214
010390 0.7962 0.0823 0.1214
010400 0.7962 0.0823 0.1214
010410 0.7962 0.0823 0.1214
010420 0.7962 0.0823 0.1214
010430 0.7962 0.0823 0.1214
010440 0.7962 0.0823 0.1214
010450 0.7962 0.0823 0.1214
010460 0.7962 0.0823 0.1214
010470 0.7962 0.0823 0.1214
010480 0.7962 0.0823 0.1214
010490 0.7962 0.0823 0.1214
010500 0.7962 0.0823 0.1214
010510 0.7962 0.0823 0.1214
010520 0.7962 0.0823 0.1214
010530 0.7962 0.0823 0.1214
010540 0.7962 0.0823 0.1214
010550 0.7962 0.0823 0.1214
010560 0.7962 0.0823 0.1214
010570 0.7962 0.0823 0.1214
010580 0.7962 0.0823 0.1214
010590 0.7962 0.0823 0.1214
010600 0.7962 0.0823 0.1214
010610 0.7962 0.0823 0.1214
010620 0.7962 0.0823 0.1214
010630 0.7962 0.0823 0.1214
010640 0.7962 0.0823 0.1214
010650 0.7962 0.0823 0.1214
010660 0.7962 0.0823 0.1214
010670 0.7962 0.0823 0.1214
010680 0.7962 0.0823 0.1214
010690 0.7962 0.0823 0.1214
010700 0.7962 0.0823 0.1214
010710 0.7962 0.0823 0.1214
010720 0.7962 0.0823 0.1214
010730 0.7962 0.0823 0.1214
010740 0.7962 0.0823 0.1214
010750 0.7962 0.0823 0.1214
010760 0.7962 0.0823 0.1214
010770 0.7962 0.0823 0.1214
010780 0.7962 0.0823 0.1214
010790 0.7962 0.0823 0.1214
010800 0.7962 0.0823 0.1214
010810 0.7962 0.0823 0.1214
010820 0.7962 0.0823 0.1214
010830 0.7962 0.0823 0.1214
010840 0.7962 0.0823 0.1214
010850 0.7962 0.0823 0.1214
010860 0.7962 0.0823 0.1214
010870 0.7962 0.0823 0.1214
010880 0.7962 0.0823 0.1214
010890 0.7962 0.0823 0.1214
010900 0.7962 0.0823 0.1214
010910 0.7962 0.0823 0.1214
010920 0.7962 0.0823 0.1214
010930 0.7962 0.0823 0.1214
010940 0.7962 0.0823 0.1214
010950 0.7962 0.0823 0.1214
010960 0.7962 0.0823 0.1214
010970 0.7962 0.0823 0.1214
010980 0.7962 0.0823 0.1214
010990 0.7962 0.0823 0.1214
011000 0.7962 0.0823 0.1214
011010 0.7962 0.0823 0.1214
011020 0.7962 0.0823 0.1214
011030 0.7962 0.0823 0.1214
011040 0.7962 0.0823 0.1214
011050 0.7962 0.0823 0.1214
011060 0.7962 0.0823 0.1214
011070 0.7962 0.0823 0.1214
011080 0.7962 0.0823 0.1214
011090 0.7962 0.0823 0.1214
011100 0.7962 0.0823 0.1214
011110 0.7962 0.0823 0.1214
011120 0.7962 0.0823 0.1214
011130 0.7962 0.0823 0.1214
011140 0.7962 0.0823 0.1214
011150 0.7962 0.0823 0.1214
011160 0.7962 0.0823 0.1214
011170 0.7962 0.0823 0.1214
011180 0.7962 0.0823 0.1214
011190 0.7962 0.0823 0.1214
011200 0.7962 0.0823 0.1214
011210 0.7962 0.0823 0.1214
011220 0.7962 0.0823 0.1214
011230 0.7962 0.0823 0.1214
011240 0.7962 0.0823 0.1214
011250 0.7962 0.0823 0.1214
011260 0.7962 0.0823 0.1214
011270 0.7962 0.0823 0.1214
011280 0.7962 0.0823 0.1214
011290 0.7962 0.0823 0.1214
011300 0.7962 0.0823 0.1214
011310 0.7962 0.0823 0.1214
011320 0.7962 0.0823 0.1214
011330 0.7962 0.0823 0.1214
011340 0.7962 0.0823 0.1214
011350 0.7962 0.0823 0.1214
011360 0.7962 0.0823 0.1214
011370 0.7962 0.0823 0.1214
011380 0.7962 0.0823 0.1214
011390 0.7962 0.0823 0.1214
011400 0.7962 0.0823 0.1214
011410 0.7962 0.0823 0.1214
011420 0.7962 0.0823 0.1214
011430 0.7962 0.0823 0.1214
011440 0.7962 0.0823 0.1214
011450 0.7962 0.0823 0.1214
011460 0.7962 0.0823 0.1214
011470 0.7962 0.0823 0.1214
011480 0.7962 0.0823 0.1214
011490 0.7962 0.0823 0.1214
011500 0.7962 0.0823 0.1214
011510 0.7962 0.0823 0.1214
011520 0.7962 0.0823 0.1214
011530 0.7962 0.0823 0.1214
011540 0.7962 0.0823 0.1214
011550 0.7962 0.0823 0.1214
011560 0.7962 0.0823 0.1214
011570 0.7962 0.0823 0.1214
011580 0.7962 0.0823 0.1214
011590 0.7962 0.0823 0.1214
011600 0.7962 0.0823 0.1214
011610 0.7962 0.0823 0.1214
011620 0.7962 0.0823 0.1214
011630 0.7962 0.0823 0.1214
011640 0.7962 0.0823 0.1214
011650 0.7962 0.0823 0.1214
011660 0.7962 0.0823 0.1214
011670 0.7962 0.0823 0.1214
011680 0.7962 0.0823 0.1214
011690 0.7962 0.0823 0.1214
011700 0.7962 0.0823 0.1214
011710 0.7962 0.0823 0.1214
011720 0.7962 0.0823 0.1214
011730 0.7962 0.0823 0.1214
011740 0.7962 0.0823 0.1214
011750 0.7962 0.0823 0.1214
011760 0.7962 0.0823 0.1214
011770 0.7962 0.0823 0.1214
011780 0.7962 0.0823 0.1214
011790 0.7962 0.0823 0.1214
011800 0.7962 0.0823 0.1214
011810 0.7962 0.0823 0.1214
011820 0.7962 0.0823 0.1214
011830 0.7962 0.0823 0.1214
011840 0.7962 0.0823 0.1214
011850 0.7962 0.0823 0.1214
011860 0.7962 0.0823 0.1214
011870 0.7962 0.0823 0.1214
011880 0.7962 0.0823 0.1214
011890 0.7962 0.0823 0.1214
011900 0.7962 0.0823 0.1214
011910 0.7962 0.0823 0.1214
011920 0.7962 0.0823 0.1214
011930 0.7962 0.0823 0.1214
011940 0.7962 0.0823 0.1214
011950 0.7962 0.0823 0.1214
011960 0.7962 0.0823 0.1214
011970 0.7962 0.0823 0.1214
011980 0.7962 0.0823 0.1214
011990 0.7962 0.0823 0.1214
012000 0.7962 0.0823 0.1214
012010 0.7962 0.0823 0.1214
012020 0.7962 0.0823 0.1214
012030 0.7962 0.0823 0.1214
012040 0.7962 0.0823 0.1214
012050 0.7962 0.0823 0.1214
012060 0.7962 0.0823 0.1214
012070 0.7962 0.0823 0.1214
012080 0.7962 0.0823 0.1214
012090 0.7962 0.0823 0.1214
012100 0.7962 0.0823 0.1214
012110 0.7962 0.0823 0.1214
012120 0.7962 0.0823 0.1214
012130 0.7962 0.0823 0.1214
012140 0.7962 0.0823 0.1214
012150 0.7962 0.0823 0.1214
012160 0.7962 0.0823 0.1214
012170 0.7962 0.0823 0.1214
012180 0.7962 0.0823 0.1214
012190 0.7962 0.0823 0.1214
012200 0.7962 0.0823 0.1214
012210 0.7962 0.0823 0.1214
012220 0.7962 0.0823 0.1214
012230 0.7962 0.0823 0.1214
012240 0.7962 0.0823 0.1214
012250 0.7962 0.0823 0.1214
012260 0.7962 0.0823 0.1214
012270 0.7962 0.0823 0.1214
012280 0.7962 0.0823 0.1214
012290 0.7962 0.0823 0.1214
012300 0.7962 0.0823 0.1214
012310 0.7962 0.0823 0.1214
012320 0.7962 0.0823 0.1214
012330 0.7962 0.0823 0.1214
012340 0.7962 0.0823 0.1214
012350 0.7962 0.0823 0.1214
012360 0.7962 0.0823 0.1214
012370 0.7962 0.0823 0.1214
012380 0.7962 0.0823 0.1214
012390 0.7962 0.0823 0.1214
012400 0.7962 0.0823 0.1214
012410 0.7962 0.0823 0.1214
012420 0.7962 0.0823 0.1214
012430 0.7962 0.0823 0.1214
012440 0.7962 0.0823 0.1214
012450 0.7962 0.0823 0.1214
012460 0.7962 0.0823 0.1214
012470 0.7962 0.0823 0.1214
012480 0.7962 0.0823 0.1214
012490 0.7962 0.0823 0.1214
012500 0.7962 0.0823 0.1214
012510 0.7962 0.0823 0.1214
012520 0.7962 0.0823 0.1214
012530 0.7962 0.0823 0.1214
012540 0.7962 0.0823 0.1214
012550 0.7962 0.0823 0.1214
012560 0.7962 0.0823 0.1214
012570 0.7962 0.0823 0.1214
012580 0.7962 0.0823 0.1214
012590 0.7962 0.0823 0.1214
012600 0.7962 0.0823 0.1214
012610 0.7962 0.0823 0.1214
012620 0.7962 0.0823 0.1214
012630 0.7962 0.0823 0.1214
012640 0.7962 0.0823 0.1214
012650 0.7962 0.0823 0.1214
012660 0.7962 0.0823 0.1214
012670 0.7962 0.0823 0.1214
012680 0.7962 0.0823 0.1214
012690 0.7962 0.0823 0.1214
012700 0.7962 0.0823 0.1214
012710 0.7962 0.0823 0.1214
012720 0.7962 0.0823 0.1214
012730 0.7962 0.0823 0.1214
012740 0.7962 0.0823 0.1214
012750 0.7962 0.0823 0.1214
012760 0.7962 0.0823 0.1214
012770 0.7962 0.0823 0.1214
012780 0.7962 0.0823 0.1214
012790 0.7962 0.0823 0.1214
012800 0.7962 0.0823 0.1214
012810 0.7962 0.0823 0.1214
012820 0.7962 0.0823 0.1214
012830 0.7962 0.0823 0.1214
012840 0.7962 0.0823 0.1214
012850 0.7962 0.0823 0.1214
012860 0.7962 0.0823 0.1214
012870 0.7962 0.0823 0.1214
012880 0.7962 0.0823 0.1214
012890 0.7962 0.0823 0.1214
012900 0.7962 0.0823 0.1214
012910 0.7962 0.0823 0.1214
012920 0.7962 0.0823 0.1214
012930 0.7962 0.0823 0.1214
012940 0.7962 0.0823 0.1214
012950 0.7962 0.0823 0.1214
012960 0.7962 0.0823 0.1214
012970 0.7962 0.0823 0.1214
012980 0.7962 0.0823 0.1214
012990 0.7962 0.0823 0.1214
013000 0.7962 0.0823 0.1214
013010 0.7962 0.0823 0.1214
013020 0.7962 0.0823 0.1214
013030 0.7962 0.0823 0.1214
013040 0.7962 0.0823 0.1214
013050 0.7962 0.0823 0.1214
013060 0.7962 0.0823 0.1214
013070 0.7962 0.0823 0.1214
013080 0.7962 0.0823 0.1214
013090 0.7962 0.0823 0.1214
013100 0.7962 0.0823 0.1214
013110 0.7962 0.0823 0.1214
013120 0.7962 0.0823 0.1214
013130 0.7962 0.0823 0.1214
013140 0.7962 0.0823 0.1214
013150 0.7962 0.0823 0.1214
013160 0.7962 0.0823 0.1214
013170 0.7962 0.0823 0.1214
013180 0.7962 0.0823 0.1214
013190 0.7962 0.0823 0.1214
013200 0.7962 0.0823 0.1214
013210 0.7962 0.0823 0.1214
013220 0.7962 0.0823 0.1214
013230 0.7962 0.0823 0.1214
013240 0.7962 0.0823 0.1214
013250 0.7962 0.0823 0.1214
013260 0.7962 0.0823 0.1214
013270 0.7962 0.0823 0.1214
013280 0.7962 0.0823 0.1214
013290 0.7962 0.0823 0.1214
013300 0.7962 0.0823 0.1214
013310 0.7962 0.0823 0.1214
013320 0.7962 0.0823 0.1214
013330 0.7962 0.0823 0.1214
013340 0.7962 0.0823 0.1214
013350 0.7962 0.0823 0.1214
013360 0.7962 0.0823 0.1214
013370 0.7962 0.0823 0.1214
013380 0.7962 0.0823 0.1214
013390 0.7962 0.0823 0.1214
013400 0.7962 0.0823 0.1214
013410 0.7962 0.0823 0.1214
013420 0.7962 0.0823 0.1214
013430 0.7962 0.0823 0.1214
013440 0.7962 0.0823 0.1214
013450 0.7962 0.0823 0.1214
013460 0.7962 0.0823 0.1214
013470 0.7962 0.0823 0.1214
013480 0.7962 0.0823 0.1214
013490 0.7962 0.0823 0.1214
013500 0.7962 0.0823 0.1214
013510 0.7962 0.0823 0.1214
013520 0.7962 0.0823 0.1214
013530 0.7962 0.0823 0.1214
013540 0.7962 0.0823 0.1214
013550 0.7962 0.0823 0.1214
013560 0.7962 0.0823 0.1214
013570 0.7962 0.0823 0.1214
013580 0.7962 0.0823 0.1214
013590 0.7962 0.0823 0.1214
013600 0.7962 0.0823 0.1214
013610 0.7962 0.0823 0.1214
013620 0.7962 0.0823 0.1214
013630 0.7962 0.0823 0.1214
013640 0.7962 0.0823 0.1214
013650 0.7962 0.0823 0.1214
013660 0.7962 0.0823 0.1214
013670 0.7962 0.0823 0.1214
013680 0.7962 0.0823 0.1214
013690 0.7962 0.0823 0.1214
013700 0.7962 0.0823 0.1214
013710 0.7962 0.0823 0.1214
013720 0.7962 0.0823 0.1214
013730 0.7962 0.0823 0.1214
013740 0.7962 0.0823 0.1214
013750 0.7962 0.0823 0.1214
013760 0.7962 0.0823 0.1214
013770 0.7962 0.0823 0.1214
013780 0.7962 0.0823 0.1214
013790 0.7962 0.0823 0.1214
013800 0.7962 0.0823 0.1214
013810 0.7962 0.0823 0.1214
013820 0.7962 0.0823 0.1214
013830 0.7962 0.0823 0.1214
013840 0.7962 0.0823 0.1214
013850 0.7962 0.0823 0.1214
013860 0.7962 0.0823 0.1214
013870 0.7962 0.0823 0.1214
013880 0.7962 0.0823 0.1214
013890 0.7962 0.0823 0.1214
013900 0.7962 0.0823 0.1214
013910 0.7962 0.0823 0.1214
013920 0.7962 0.0823 0.1214
013930 0.7962 0.0823 0.1214
013940 0.7962 0.0823 0.1214
013950 0.7962 0.0823 0.1214
013960 0.7962 0.0823 0.1214
013970 0.7962 0.0823 0.1214
013980 0.7962 0.0823 0.1214
013990 0.7962 0.0823 0.1214
014000 0.7962 0.0823 0.1214
014010 0.7962 0.0823 0.1214
014020 0.7962 0.0823 0.1214
014030 0.7962 0.0823 0.1214
014040 0.7962 0.0823 0.1214
014050 0.7962 0.0823 0.1214
014060 0.7962 0.0823 0.1214
014070 0.7962 0.0823 0.1214
014080 0.7962 0.0823 0.1214
014090 0.7962 0.0823 0.1214
014100 0.7962 0.0823 0.1214
014110 0.7962 0.0823 0.1214
014120 0.7962 0.0823 0.1214
014130 0.7962 0.0823 0.1214
014140 0.7962 0.0823 0.1214
014150 0.7962 0.0823 0.1214
014160 0.7962 0.0823 0.1214
014170 0.7962 0.0823 0.1214
014180 0.7962 0.0823 0.1214
014190 0.7962 0.0823 0.1214
014200 0.7962 0.0823 0.1214
014210 0.7962 0.0823 0.1214
014220 0.7962 0.0823 0.1214
014230 0.7962 0.0823 0.1214
014240 0.7962 0.0823 0.1214
014250 0.7962 0.0823 0.1214
014260 0.7962 0.0823 0.1214
014270 0.7962 0.0823 0.1214
