000000 0.3333 0.3326 0.3341
000010 0.3339 0.3343 0.3318
000020 0.3360 0.3351 0.3289
000030 0.3385 0.3361 0.3254
000040 0.3413 0.3374 0.3213
000050 0.3447 0.3388 0.3165
000060 0.3484 0.3405 0.3111
000070 0.3530 0.3422 0.3048
000080 0.3585 0.3437 0.2979
000090 0.3641 0.3462 0.2897
000100 0.3707 0.3489 0.2804
000110 0.3775 0.3517 0.2708
000120 0.3848 0.3550 0.2602
000130 0.3930 0.3583 0.2488
000140 0.4012 0.3624 0.2365
000150 0.4100 0.3654 0.2246
000160 0.4192 0.3691 0.2117
000170 0.4288 0.3728 0.1983
000180 0.4391 0.3764 0.1845
000190 0.4512 0.3776 0.1712
000200 0.4643 0.3774 0.1583
000210 0.4789 0.3758 0.1453
000220 0.4932 0.3738 0.1329
000230 0.5082 0.3711 0.1207
000240 0.5244 0.3658 0.1099
000250 0.5412 0.3588 0.1000
000260 0.5587 0.3505 0.0908
000270 0.5763 0.3408 0.0829
000280 0.5931 0.3311 0.0758
000290 0.6095 0.3211 0.0695
000300 0.6244 0.3114 0.0641
000310 0.6390 0.3024 0.0586
000320 0.6534 0.2931 0.0535
000330 0.6664 0.2850 0.0486
000340 0.6783 0.2786 0.0431
000350 0.6904 0.2718 0.0378
000360 0.7026 0.2637 0.0337
000370 0.7152 0.2542 0.0305
000380 0.7277 0.2436 0.0287
000390 0.7403 0.2315 0.0282
000400 0.7531 0.2192 0.0278
000410 0.7655 0.2069 0.0275
000420 0.7785 0.1940 0.0275
000430 0.7904 0.1817 0.0279
000440 0.8018 0.1699 0.0283
000450 0.8130 0.1584 0.0286
000460 0.8235 0.1473 0.0291
000470 0.8342 0.1364 0.0295
000480 0.8439 0.1261 0.0300
000490 0.8522 0.1166 0.0313
000500 0.8599 0.1073 0.0328
000510 0.8673 0.0975 0.0352
000520 0.8743 0.0880 0.0378
000530 0.8809 0.0781 0.0410
000540 0.8879 0.0675 0.0446
000550 0.8944 0.0570 0.0486
000560 0.8999 0.0473 0.0528
000570 0.9038 0.0385 0.0578
000580 0.9069 0.0302 0.0629
000590 0.9083 0.0238 0.0679
000600 0.9085 0.0183 0.0731
000610 0.9074 0.0140 0.0786
000620 0.9039 0.0115 0.0846
000630 0.8985 0.0110 0.0905
000640 0.8933 0.0109 0.0957
000650 0.8870 0.0112 0.1018
000660 0.8812 0.0115 0.1073
000670 0.8749 0.0120 0.1131
000680 0.8676 0.0131 0.1193
000690 0.8601 0.0147 0.1251
000700 0.8529 0.0163 0.1309
000710 0.8459 0.0174 0.1367
000720 0.8391 0.0189 0.1419
000730 0.8333 0.0200 0.1467
000740 0.8275 0.0210 0.1515
000750 0.8213 0.0231 0.1555
000760 0.8157 0.0248 0.1596
000770 0.8102 0.0266 0.1632
000780 0.8055 0.0279 0.1666
000790 0.8018 0.0290 0.1692
000800 0.7985 0.0301 0.1714
000810 0.7951 0.0312 0.1737
000820 0.7910 0.0332 0.1758
000830 0.7870 0.0361 0.1769
000840 0.7833 0.0388 0.1778
000850 0.7804 0.0412 0.1783
000860 0.7785 0.0434 0.1781
000870 0.7760 0.0462 0.1779
000880 0.7742 0.0493 0.1764
000890 0.7724 0.0524 0.1752
000900 0.7701 0.0559 0.1740
000910 0.7687 0.0584 0.1728
000920 0.7675 0.0608 0.1717
000930 0.7666 0.0628 0.1706
000940 0.7645 0.0663 0.1691
000950 0.7626 0.0689 0.1685
000960 0.7603 0.0728 0.1669
000970 0.7583 0.0759 0.1658
000980 0.7569 0.0784 0.1647
000990 0.7556 0.0810 0.1633
001000 0.7557 0.0820 0.1623
001010 0.7567 0.0824 0.1609
001020 0.7580 0.0817 0.1603
001030 0.7601 0.0798 0.1601
001040 0.7618 0.0784 0.1598
001050 0.7641 0.0769 0.1591
001060 0.7648 0.0753 0.1599
001070 0.7644 0.0756 0.1600
001080 0.7626 0.0769 0.1605
001090 0.7604 0.0785 0.1611
001100 0.7580 0.0800 0.1620
001110 0.7546 0.0823 0.1631
001120 0.7498 0.0862 0.1640
001130 0.7444 0.0906 0.1649
001140 0.7388 0.0944 0.1668
001150 0.7337 0.0988 0.1675
001160 0.7284 0.1033 0.1684
001170 0.7219 0.1082 0.1699
001180 0.7160 0.1139 0.1701
001190 0.7097 0.1202 0.1701
001200 0.7038 0.1270 0.1692
001210 0.6994 0.1335 0.1671
001220 0.6973 0.1364 0.1664
001230 0.6955 0.1387 0.1658
001240 0.6943 0.1390 0.1667
001250 0.6931 0.1387 0.1682
001260 0.6921 0.1370 0.1709
001270 0.6916 0.1353 0.1731
001280 0.6893 0.1345 0.1762
001290 0.6856 0.1337 0.1808
001300 0.6825 0.1321 0.1855
001310 0.6792 0.1308 0.1899
001320 0.6743 0.1296 0.1961
001330 0.6719 0.1271 0.2010
001340 0.6705 0.1234 0.2061
001350 0.6699 0.1193 0.2108
001360 0.6680 0.1159 0.2162
001370 0.6669 0.1119 0.2212
001380 0.6658 0.1082 0.2260
001390 0.6650 0.1044 0.2306
001400 0.6635 0.1014 0.2350
001410 0.6617 0.0990 0.2393
001420 0.6591 0.0983 0.2426
001430 0.6568 0.0973 0.2459
001440 0.6549 0.0966 0.2485
001450 0.6512 0.0984 0.2504
001460 0.6470 0.1020 0.2511
001470 0.6432 0.1080 0.2487
001480 0.6403 0.1155 0.2442
001490 0.6385 0.1229 0.2386
001500 0.6363 0.1326 0.2311
001510 0.6355 0.1403 0.2242
001520 0.6364 0.1470 0.2166
001530 0.6373 0.1542 0.2085
001540 0.6391 0.1606 0.2004
001550 0.6411 0.1643 0.1946
001560 0.6451 0.1659 0.1890
001570 0.6501 0.1652 0.1847
001580 0.6554 0.1629 0.1817
001590 0.6609 0.1604 0.1787
001600 0.6659 0.1592 0.1749
001610 0.6702 0.1579 0.1719
001620 0.6744 0.1550 0.1706
001630 0.6783 0.1500 0.1717
001640 0.6822 0.1445 0.1734
001650 0.6854 0.1381 0.1764
001660 0.6875 0.1326 0.1798
001670 0.6899 0.1277 0.1824
001680 0.6908 0.1241 0.1851
001690 0.6906 0.1218 0.1876
001700 0.6904 0.1206 0.1889
001710 0.6909 0.1195 0.1896
001720 0.6913 0.1185 0.1902
001730 0.6941 0.1166 0.1893
001740 0.6952 0.1154 0.1893
001750 0.6966 0.1150 0.1883
001760 0.6986 0.1140 0.1874
001770 0.7011 0.1121 0.1869
001780 0.7043 0.1103 0.1854
001790 0.7068 0.1085 0.1847
001800 0.7094 0.1065 0.1841
001810 0.7108 0.1071 0.1821
001820 0.7118 0.1099 0.1784
001830 0.7143 0.1114 0.1743
001840 0.7173 0.1100 0.1727
001850 0.7201 0.1090 0.1709
001860 0.7217 0.1086 0.1697
001870 0.7246 0.1074 0.1680
001880 0.7277 0.1057 0.1666
001890 0.7309 0.1030 0.1661
001900 0.7335 0.1015 0.1650
001910 0.7365 0.0987 0.1648
001920 0.7385 0.0967 0.1648
001930 0.7391 0.0954 0.1655
001940 0.7397 0.0951 0.1652
001950 0.7395 0.0955 0.1650
001960 0.7403 0.0963 0.1634
001970 0.7412 0.0965 0.1623
001980 0.7413 0.0974 0.1612
001990 0.7412 0.0986 0.1602
002000 0.7418 0.0989 0.1594
002010 0.7433 0.0964 0.1602
002020 0.7435 0.0942 0.1622
002030 0.7456 0.0905 0.1639
002040 0.7458 0.0881 0.1662
002050 0.7450 0.0862 0.1688
002060 0.7460 0.0823 0.1717
002070 0.7464 0.0799 0.1737
002080 0.7467 0.0787 0.1746
002090 0.7456 0.0788 0.1756
002100 0.7441 0.0794 0.1766
002110 0.7421 0.0806 0.1773
002120 0.7386 0.0837 0.1777
002130 0.7363 0.0864 0.1773
002140 0.7338 0.0876 0.1787
002150 0.7307 0.0885 0.1809
002160 0.7267 0.0874 0.1859
002170 0.7243 0.0861 0.1896
002180 0.7204 0.0869 0.1926
002190 0.7155 0.0886 0.1959
002200 0.7109 0.0888 0.2003
002210 0.7050 0.0906 0.2045
002220 0.6992 0.0933 0.2075
002230 0.6925 0.0970 0.2105
002240 0.6885 0.0989 0.2126
002250 0.6856 0.1014 0.2130
002260 0.6832 0.1042 0.2126
002270 0.6813 0.1073 0.2114
002280 0.6796 0.1121 0.2083
002290 0.6784 0.1179 0.2037
002300 0.6774 0.1228 0.1998
002310 0.6794 0.1258 0.1948
002320 0.6836 0.1263 0.1901
002330 0.6872 0.1256 0.1872
002340 0.6913 0.1258 0.1829
002350 0.6983 0.1233 0.1784
002360 0.7056 0.1190 0.1754
002370 0.7106 0.1170 0.1724
002380 0.7156 0.1135 0.1709
002390 0.7181 0.1110 0.1709
002400 0.7192 0.1074 0.1734
002410 0.7179 0.1035 0.1786
002420 0.7156 0.1018 0.1826
002430 0.7127 0.1006 0.1866
002440 0.7109 0.0992 0.1899
002450 0.7089 0.0985 0.1926
002460 0.7074 0.0978 0.1948
002470 0.7062 0.0986 0.1951
002480 0.7037 0.1028 0.1934
002490 0.7037 0.1069 0.1894
002500 0.7070 0.1081 0.1848
002510 0.7123 0.1078 0.1799
002520 0.7153 0.1085 0.1762
002530 0.7187 0.1090 0.1723
002540 0.7230 0.1076 0.1694
002550 0.7260 0.1062 0.1679
002560 0.7305 0.1040 0.1655
002570 0.7338 0.1016 0.1646
002580 0.7373 0.0980 0.1647
002590 0.7392 0.0938 0.1670
002600 0.7387 0.0894 0.1719
002610 0.7368 0.0865 0.1767
002620 0.7327 0.0841 0.1832
002630 0.7281 0.0832 0.1888
002640 0.7216 0.0838 0.1946
002650 0.7155 0.0849 0.1997
002660 0.7110 0.0847 0.2044
002670 0.7054 0.0853 0.2093
002680 0.6994 0.0857 0.2149
002690 0.6953 0.0846 0.2201
002700 0.6908 0.0838 0.2253
002710 0.6859 0.0839 0.2302
002720 0.6789 0.0867 0.2344
002730 0.6716 0.0899 0.2386
002740 0.6646 0.0939 0.2414
002750 0.6593 0.0984 0.2422
002760 0.6532 0.1033 0.2436
002770 0.6476 0.1080 0.2444
002780 0.6421 0.1124 0.2455
002790 0.6380 0.1152 0.2468
002800 0.6344 0.1174 0.2482
002810 0.6314 0.1189 0.2497
002820 0.6267 0.1221 0.2512
002830 0.6246 0.1249 0.2505
002840 0.6226 0.1276 0.2498
002850 0.6223 0.1303 0.2474
002860 0.6223 0.1337 0.2440
002870 0.6248 0.1346 0.2406
002880 0.6289 0.1341 0.2371
002890 0.6350 0.1329 0.2321
002900 0.6418 0.1327 0.2255
002910 0.6492 0.1328 0.2180
002920 0.6569 0.1332 0.2099
002930 0.6650 0.1326 0.2024
002940 0.6709 0.1318 0.1973
002950 0.6767 0.1304 0.1929
002960 0.6839 0.1281 0.1879
002970 0.6893 0.1247 0.1860
002980 0.6943 0.1212 0.1845
002990 0.6977 0.1174 0.1848
003000 0.7004 0.1123 0.1874
003010 0.7026 0.1078 0.1895
003020 0.7047 0.1037 0.1916
003030 0.7049 0.1007 0.1944
003040 0.7037 0.0986 0.1977
003050 0.7036 0.0961 0.2003
003060 0.7042 0.0931 0.2026
003070 0.7039 0.0917 0.2044
003080 0.7027 0.0907 0.2065
003090 0.7021 0.0898 0.2081
003100 0.7006 0.0894 0.2100
003110 0.6976 0.0905 0.2118
003120 0.6944 0.0929 0.2127
003130 0.6922 0.0942 0.2136
003140 0.6906 0.0954 0.2141
003150 0.6881 0.0984 0.2135
003160 0.6871 0.1022 0.2108
003170 0.6870 0.1044 0.2086
003180 0.6881 0.1066 0.2053
003190 0.6884 0.1080 0.2036
003200 0.6905 0.1059 0.2036
003210 0.6940 0.1016 0.2044
003220 0.6946 0.1002 0.2052
003230 0.6941 0.1015 0.2044
003240 0.6935 0.1042 0.2023
003250 0.6916 0.1076 0.2008
003260 0.6922 0.1101 0.1977
003270 0.6918 0.1130 0.1952
003280 0.6917 0.1162 0.1920
003290 0.6928 0.1180 0.1892
003300 0.6953 0.1196 0.1851
003310 0.6988 0.1207 0.1805
003320 0.7024 0.1220 0.1756
003330 0.7072 0.1212 0.1716
003340 0.7126 0.1190 0.1684
003350 0.7174 0.1182 0.1645
003360 0.7229 0.1153 0.1618
003370 0.7259 0.1134 0.1607
003380 0.7275 0.1118 0.1607
003390 0.7300 0.1088 0.1612
003400 0.7325 0.1061 0.1614
003410 0.7332 0.1036 0.1632
003420 0.7330 0.1004 0.1666
003430 0.7324 0.0963 0.1713
003440 0.7303 0.0921 0.1776
003450 0.7261 0.0884 0.1855
003460 0.7215 0.0853 0.1932
003470 0.7150 0.0849 0.2000
003480 0.7093 0.0851 0.2056
003490 0.7036 0.0848 0.2117
003500 0.6966 0.0852 0.2182
003510 0.6907 0.0844 0.2249
003520 0.6837 0.0852 0.2311
003530 0.6759 0.0882 0.2359
003540 0.6684 0.0931 0.2385
003550 0.6618 0.0973 0.2408
003560 0.6571 0.1004 0.2424
003570 0.6532 0.1021 0.2448
003580 0.6499 0.1026 0.2476
003590 0.6469 0.1044 0.2486
003600 0.6431 0.1089 0.2480
003610 0.6400 0.1136 0.2464
003620 0.6388 0.1162 0.2451
003630 0.6375 0.1191 0.2433
003640 0.6360 0.1227 0.2413
003650 0.6358 0.1259 0.2383
003660 0.6364 0.1302 0.2335
003670 0.6384 0.1357 0.2258
003680 0.6435 0.1407 0.2158
003690 0.6500 0.1434 0.2066
003700 0.6574 0.1440 0.1986
003710 0.6660 0.1414 0.1926
003720 0.6774 0.1358 0.1868
003730 0.6899 0.1275 0.1826
003740 0.7024 0.1183 0.1793
003750 0.7127 0.1108 0.1765
003760 0.7220 0.1047 0.1733
003770 0.7300 0.0990 0.1710
003780 0.7350 0.0952 0.1698
003790 0.7408 0.0897 0.1695
003800 0.7440 0.0841 0.1718
003810 0.7454 0.0790 0.1757
003820 0.7428 0.0767 0.1804
003830 0.7385 0.0761 0.1854
003840 0.7323 0.0767 0.1911
003850 0.7256 0.0774 0.1970
003860 0.7189 0.0790 0.2022
003870 0.7148 0.0795 0.2057
003880 0.7099 0.0813 0.2088
003890 0.7051 0.0836 0.2113
003900 0.7015 0.0854 0.2131
003910 0.6993 0.0867 0.2140
003920 0.6971 0.0877 0.2152
003930 0.6933 0.0891 0.2176
003940 0.6905 0.0901 0.2194
003950 0.6874 0.0932 0.2194
003960 0.6847 0.0971 0.2182
003970 0.6821 0.1016 0.2163
003980 0.6805 0.1044 0.2151
003990 0.6793 0.1073 0.2134
004000 0.6791 0.1100 0.2109
004010 0.6804 0.1109 0.2087
004020 0.6819 0.1104 0.2077
004030 0.6820 0.1107 0.2073
004040 0.6829 0.1107 0.2064
004050 0.6832 0.1118 0.2050
004060 0.6826 0.1131 0.2044
004070 0.6813 0.1151 0.2036
004080 0.6819 0.1165 0.2016
004090 0.6818 0.1170 0.2013
004100 0.6813 0.1173 0.2014
004110 0.6813 0.1179 0.2008
004120 0.6803 0.1201 0.1996
004130 0.6807 0.1219 0.1975
004140 0.6821 0.1245 0.1934
004150 0.6849 0.1260 0.1891
004160 0.6897 0.1272 0.1831
004170 0.6969 0.1276 0.1755
004180 0.7044 0.1278 0.1678
004190 0.7118 0.1273 0.1609
004200 0.7177 0.1261 0.1562
004210 0.7244 0.1241 0.1515
004220 0.7319 0.1195 0.1487
004230 0.7390 0.1128 0.1482
004240 0.7436 0.1063 0.1500
004250 0.7473 0.0983 0.1544
004260 0.7488 0.0898 0.1614
004270 0.7490 0.0805 0.1705
004280 0.7460 0.0748 0.1792
004290 0.7409 0.0710 0.1881
004300 0.7354 0.0691 0.1956
004310 0.7295 0.0675 0.2029
004320 0.7209 0.0699 0.2092
004330 0.7135 0.0718 0.2147
004340 0.7044 0.0763 0.2194
004350 0.6957 0.0818 0.2225
004360 0.6877 0.0866 0.2258
004370 0.6781 0.0930 0.2288
004380 0.6709 0.0989 0.2302
004390 0.6659 0.1031 0.2310
004400 0.6627 0.1061 0.2312
004410 0.6620 0.1050 0.2331
004420 0.6626 0.1035 0.2339
004430 0.6622 0.1035 0.2342
004440 0.6597 0.1071 0.2333
004450 0.6595 0.1109 0.2295
004460 0.6608 0.1145 0.2247
004470 0.6632 0.1189 0.2179
004480 0.6665 0.1227 0.2107
004490 0.6721 0.1259 0.2021
004500 0.6776 0.1273 0.1951
004510 0.6871 0.1259 0.1870
004520 0.6946 0.1254 0.1800
004530 0.7008 0.1248 0.1744
004540 0.7077 0.1228 0.1695
004550 0.7145 0.1190 0.1665
004560 0.7209 0.1161 0.1630
004570 0.7279 0.1121 0.1600
004580 0.7329 0.1087 0.1584
004590 0.7359 0.1049 0.1593
004600 0.7374 0.1012 0.1614
004610 0.7382 0.0970 0.1648
004620 0.7361 0.0942 0.1697
004630 0.7324 0.0920 0.1756
004640 0.7286 0.0911 0.1803
004650 0.7256 0.0886 0.1858
004660 0.7218 0.0863 0.1919
004670 0.7160 0.0851 0.1989
004680 0.7111 0.0850 0.2039
004690 0.7077 0.0839 0.2084
004700 0.7042 0.0829 0.2129
004710 0.7008 0.0819 0.2173
004720 0.6954 0.0840 0.2206
004730 0.6911 0.0872 0.2217
004740 0.6866 0.0919 0.2215
004750 0.6816 0.0969 0.2215
004760 0.6777 0.1015 0.2209
004770 0.6751 0.1065 0.2184
004780 0.6759 0.1091 0.2150
004790 0.6769 0.1109 0.2122
004800 0.6769 0.1131 0.2100
004810 0.6783 0.1152 0.2065
004820 0.6804 0.1163 0.2033
004830 0.6831 0.1153 0.2016
004840 0.6843 0.1130 0.2026
004850 0.6862 0.1089 0.2049
004860 0.6860 0.1066 0.2074
004870 0.6874 0.1020 0.2106
004880 0.6886 0.0982 0.2132
004890 0.6880 0.0950 0.2170
004900 0.6857 0.0924 0.2218
004910 0.6824 0.0903 0.2273
004920 0.6777 0.0899 0.2324
004930 0.6728 0.0904 0.2368
004940 0.6692 0.0919 0.2389
004950 0.6669 0.0944 0.2387
004960 0.6638 0.0994 0.2368
004970 0.6600 0.1052 0.2347
004980 0.6581 0.1099 0.2320
004990 0.6573 0.1133 0.2293
005000 0.6549 0.1181 0.2270
005010 0.6542 0.1228 0.2230
005020 0.6553 0.1274 0.2173
005030 0.6582 0.1304 0.2115
005040 0.6626 0.1331 0.2043
005050 0.6689 0.1345 0.1966
005060 0.6775 0.1345 0.1880
005070 0.6892 0.1323 0.1785
005080 0.7007 0.1297 0.1695
005090 0.7113 0.1268 0.1619
005100 0.7217 0.1235 0.1548
005110 0.7308 0.1181 0.1511
005120 0.7402 0.1112 0.1486
005130 0.7469 0.1057 0.1475
005140 0.7505 0.1013 0.1481
005150 0.7541 0.0963 0.1496
005160 0.7557 0.0921 0.1522
005170 0.7562 0.0895 0.1543
005180 0.7561 0.0884 0.1555
005190 0.7561 0.0872 0.1568
005200 0.7556 0.0862 0.1582
005210 0.7556 0.0849 0.1594
005220 0.7533 0.0848 0.1619
005230 0.7505 0.0833 0.1661
005240 0.7469 0.0817 0.1714
005250 0.7432 0.0800 0.1767
005260 0.7409 0.0783 0.1807
005270 0.7388 0.0765 0.1848
005280 0.7373 0.0739 0.1888
005290 0.7334 0.0725 0.1941
005300 0.7271 0.0745 0.1984
005310 0.7214 0.0766 0.2019
005320 0.7160 0.0791 0.2049
005330 0.7110 0.0824 0.2067
005340 0.7063 0.0867 0.2070
005350 0.7016 0.0901 0.2083
005360 0.6978 0.0922 0.2100
005370 0.6956 0.0938 0.2106
005380 0.6942 0.0954 0.2104
005390 0.6925 0.0972 0.2103
005400 0.6916 0.0982 0.2102
005410 0.6897 0.1007 0.2096
005420 0.6862 0.1045 0.2093
005430 0.6842 0.1089 0.2069
005440 0.6840 0.1120 0.2040
005450 0.6829 0.1136 0.2035
005460 0.6829 0.1143 0.2027
005470 0.6822 0.1143 0.2035
005480 0.6841 0.1127 0.2032
005490 0.6868 0.1095 0.2037
005500 0.6913 0.1052 0.2035
005510 0.6944 0.1023 0.2032
005520 0.6963 0.1009 0.2028
005530 0.6977 0.1008 0.2015
005540 0.6972 0.1021 0.2006
005550 0.6967 0.1042 0.1991
005560 0.6974 0.1047 0.1979
005570 0.6994 0.1062 0.1944
005580 0.7030 0.1075 0.1895
005590 0.7054 0.1089 0.1858
005600 0.7079 0.1100 0.1821
005610 0.7115 0.1090 0.1796
005620 0.7136 0.1089 0.1775
005630 0.7157 0.1098 0.1745
005640 0.7179 0.1099 0.1721
005650 0.7214 0.1076 0.1710
005660 0.7241 0.1034 0.1725
005670 0.7266 0.0994 0.1740
005680 0.7279 0.0966 0.1755
005690 0.7278 0.0954 0.1769
005700 0.7260 0.0937 0.1803
005710 0.7234 0.0909 0.1858
005720 0.7212 0.0878 0.1910
005730 0.7165 0.0880 0.1955
005740 0.7121 0.0879 0.2001
005750 0.7078 0.0879 0.2043
005760 0.7037 0.0877 0.2085
005770 0.6980 0.0917 0.2103
005780 0.6926 0.0959 0.2115
005790 0.6865 0.1009 0.2126
005800 0.6828 0.1045 0.2127
005810 0.6807 0.1056 0.2137
005820 0.6778 0.1064 0.2159
005830 0.6753 0.1080 0.2167
005840 0.6772 0.1079 0.2149
005850 0.6793 0.1083 0.2124
005860 0.6799 0.1103 0.2098
005870 0.6812 0.1114 0.2073
005880 0.6822 0.1128 0.2050
005890 0.6814 0.1137 0.2049
005900 0.6818 0.1132 0.2049
005910 0.6825 0.1131 0.2043
005920 0.6825 0.1135 0.2040
005930 0.6827 0.1140 0.2033
005940 0.6829 0.1139 0.2032
005950 0.6836 0.1130 0.2035
005960 0.6855 0.1132 0.2013
005970 0.6880 0.1122 0.1997
005980 0.6913 0.1125 0.1961
005990 0.6946 0.1138 0.1916
006000 0.6996 0.1126 0.1878
006010 0.7057 0.1096 0.1848
006020 0.7123 0.1071 0.1806
006030 0.7187 0.1029 0.1784
006040 0.7249 0.0978 0.1774
006050 0.7302 0.0932 0.1766
006060 0.7341 0.0882 0.1776
006070 0.7363 0.0841 0.1796
006080 0.7371 0.0808 0.1821
006090 0.7345 0.0796 0.1859
006100 0.7284 0.0808 0.1908
006110 0.7225 0.0823 0.1951
006120 0.7146 0.0849 0.2005
006130 0.7082 0.0865 0.2053
006140 0.7021 0.0873 0.2106
006150 0.6948 0.0894 0.2158
006160 0.6874 0.0919 0.2207
006170 0.6812 0.0951 0.2238
006180 0.6740 0.0998 0.2262
006190 0.6673 0.1067 0.2260
006200 0.6611 0.1144 0.2246
006210 0.6572 0.1228 0.2199
006220 0.6548 0.1263 0.2189
006230 0.6559 0.1280 0.2161
006240 0.6573 0.1287 0.2140
006250 0.6594 0.1290 0.2116
006260 0.6617 0.1292 0.2091
006270 0.6657 0.1282 0.2061
006280 0.6701 0.1285 0.2014
006290 0.6751 0.1293 0.1956
006300 0.6821 0.1280 0.1899
006310 0.6916 0.1248 0.1836
006320 0.6997 0.1215 0.1788
006330 0.7076 0.1176 0.1748
006340 0.7146 0.1145 0.1709
006350 0.7192 0.1110 0.1698
006360 0.7222 0.1061 0.1717
006370 0.7226 0.1010 0.1763
006380 0.7216 0.0968 0.1816
006390 0.7204 0.0922 0.1874
006400 0.7181 0.0880 0.1939
006410 0.7136 0.0855 0.2009
006420 0.7080 0.0835 0.2085
006430 0.7022 0.0833 0.2145
006440 0.6950 0.0851 0.2199
006450 0.6875 0.0880 0.2245
006460 0.6807 0.0919 0.2274
006470 0.6751 0.0956 0.2293
006480 0.6690 0.1016 0.2294
006490 0.6636 0.1082 0.2282
006500 0.6609 0.1159 0.2232
006510 0.6614 0.1194 0.2192
006520 0.6608 0.1228 0.2164
006530 0.6637 0.1253 0.2109
006540 0.6690 0.1263 0.2047
006550 0.6751 0.1263 0.1986
006560 0.6827 0.1242 0.1931
006570 0.6908 0.1217 0.1875
006580 0.6969 0.1189 0.1842
006590 0.7050 0.1149 0.1800
006600 0.7121 0.1110 0.1769
006610 0.7182 0.1069 0.1750
006620 0.7209 0.1035 0.1756
006630 0.7227 0.0993 0.1780
006640 0.7232 0.0953 0.1815
006650 0.7225 0.0909 0.1866
006660 0.7211 0.0860 0.1929
006670 0.7187 0.0824 0.1990
006680 0.7138 0.0793 0.2068
006690 0.7047 0.0819 0.2134
006700 0.6951 0.0866 0.2182
006710 0.6868 0.0909 0.2224
006720 0.6795 0.0949 0.2256
006730 0.6727 0.0990 0.2283
006740 0.6665 0.1035 0.2299
006750 0.6589 0.1090 0.2321
006760 0.6515 0.1139 0.2345
006770 0.6433 0.1190 0.2376
006780 0.6384 0.1237 0.2379
006790 0.6358 0.1275 0.2367
006800 0.6350 0.1312 0.2338
006810 0.6364 0.1334 0.2302
006820 0.6407 0.1343 0.2250
006830 0.6456 0.1353 0.2191
006840 0.6501 0.1367 0.2132
006850 0.6555 0.1384 0.2061
006860 0.6615 0.1389 0.1996
006870 0.6663 0.1389 0.1947
006880 0.6745 0.1351 0.1904
006890 0.6812 0.1322 0.1866
006900 0.6882 0.1268 0.1849
006910 0.6945 0.1204 0.1851
006920 0.6989 0.1165 0.1846
006930 0.7027 0.1127 0.1846
006940 0.7057 0.1101 0.1842
006950 0.7075 0.1082 0.1842
006960 0.7082 0.1070 0.1848
006970 0.7077 0.1060 0.1864
006980 0.7086 0.1040 0.1874
006990 0.7079 0.1020 0.1901
007000 0.7086 0.0987 0.1927
007010 0.7067 0.0996 0.1937
007020 0.7069 0.0993 0.1938
007030 0.7078 0.0986 0.1935
007040 0.7088 0.0998 0.1914
007050 0.7097 0.1022 0.1881
007060 0.7121 0.1040 0.1839
007070 0.7163 0.1063 0.1774
007080 0.7205 0.1095 0.1701
007090 0.7254 0.1095 0.1651
007100 0.7308 0.1073 0.1619
007110 0.7362 0.1039 0.1599
007120 0.7406 0.0995 0.1599
007130 0.7440 0.0965 0.1595
007140 0.7479 0.0918 0.1603
007150 0.7501 0.0884 0.1615
007160 0.7524 0.0856 0.1619
007170 0.7536 0.0823 0.1641
007180 0.7517 0.0804 0.1679
007190 0.7502 0.0761 0.1737
007200 0.7456 0.0731 0.1813
007210 0.7385 0.0732 0.1883
007220 0.7306 0.0739 0.1954
007230 0.7224 0.0744 0.2032
007240 0.7118 0.0772 0.2110
007250 0.7019 0.0809 0.2172
007260 0.6921 0.0854 0.2226
007270 0.6822 0.0911 0.2267
007280 0.6735 0.0978 0.2287
007290 0.6672 0.1041 0.2288
007300 0.6639 0.1090 0.2271
007310 0.6633 0.1136 0.2232
007320 0.6655 0.1163 0.2182
007330 0.6695 0.1189 0.2117
007340 0.6734 0.1211 0.2054
007350 0.6763 0.1229 0.2008
007360 0.6799 0.1236 0.1966
007370 0.6841 0.1233 0.1926
007380 0.6893 0.1239 0.1868
007390 0.6947 0.1237 0.1816
007400 0.7013 0.1223 0.1764
007410 0.7074 0.1196 0.1730
007420 0.7138 0.1169 0.1693
007430 0.7205 0.1113 0.1682
007440 0.7252 0.1069 0.1679
007450 0.7280 0.1038 0.1682
007460 0.7301 0.0999 0.1700
007470 0.7305 0.0971 0.1724
007480 0.7307 0.0923 0.1770
007490 0.7290 0.0883 0.1827
007500 0.7255 0.0876 0.1869
007510 0.7222 0.0861 0.1917
007520 0.7188 0.0845 0.1967
007530 0.7148 0.0841 0.2011
007540 0.7111 0.0832 0.2057
007550 0.7045 0.0844 0.2111
007560 0.6972 0.0850 0.2178
007570 0.6890 0.0855 0.2256
007580 0.6818 0.0845 0.2337
007590 0.6755 0.0841 0.2405
007600 0.6673 0.0846 0.2481
007610 0.6598 0.0864 0.2538
007620 0.6532 0.0892 0.2576
007630 0.6469 0.0936 0.2596
007640 0.6413 0.0997 0.2590
007650 0.6373 0.1063 0.2564
007660 0.6337 0.1127 0.2536
007670 0.6318 0.1185 0.2497
007680 0.6292 0.1263 0.2444
007690 0.6290 0.1333 0.2377
007700 0.6307 0.1384 0.2310
007710 0.6355 0.1405 0.2240
007720 0.6406 0.1429 0.2165
007730 0.6445 0.1483 0.2072
007740 0.6500 0.1524 0.1977
007750 0.6573 0.1535 0.1892
007760 0.6649 0.1515 0.1836
007770 0.6736 0.1461 0.1804
007780 0.6832 0.1383 0.1786
007790 0.6914 0.1300 0.1786
007800 0.6996 0.1214 0.1789
007810 0.7085 0.1130 0.1785
007820 0.7153 0.1053 0.1794
007830 0.7209 0.0987 0.1804
007840 0.7235 0.0942 0.1823
007850 0.7266 0.0891 0.1843
007860 0.7284 0.0863 0.1854
007870 0.7284 0.0852 0.1864
007880 0.7256 0.0859 0.1885
007890 0.7224 0.0858 0.1917
007900 0.7205 0.0851 0.1945
007910 0.7160 0.0851 0.1988
007920 0.7113 0.0852 0.2035
007930 0.7073 0.0848 0.2079
007940 0.7023 0.0865 0.2111
007950 0.6985 0.0886 0.2130
007960 0.6941 0.0915 0.2144
007970 0.6900 0.0940 0.2160
007980 0.6853 0.0975 0.2172
007990 0.6810 0.1001 0.2190
008000 0.6784 0.1016 0.2200
008010 0.6776 0.1015 0.2209
008020 0.6767 0.1023 0.2210
008030 0.6764 0.1037 0.2200
008040 0.6762 0.1047 0.2190
008050 0.6779 0.1056 0.2165
008060 0.6801 0.1048 0.2151
008070 0.6811 0.1054 0.2135
008080 0.6825 0.1049 0.2126
008090 0.6829 0.1033 0.2138
008100 0.6843 0.1021 0.2136
008110 0.6856 0.0995 0.2149
008120 0.6852 0.0980 0.2168
008130 0.6826 0.0968 0.2207
008140 0.6802 0.0958 0.2240
008150 0.6760 0.0957 0.2284
008160 0.6711 0.0976 0.2313
008170 0.6662 0.1016 0.2323
008180 0.6611 0.1069 0.2320
008190 0.6559 0.1123 0.2318
008200 0.6524 0.1174 0.2302
008210 0.6512 0.1205 0.2283
008220 0.6498 0.1225 0.2278
008230 0.6482 0.1248 0.2271
008240 0.6465 0.1273 0.2262
008250 0.6471 0.1286 0.2243
008260 0.6476 0.1287 0.2237
008270 0.6484 0.1283 0.2233
008280 0.6501 0.1269 0.2230
008290 0.6530 0.1265 0.2204
008300 0.6580 0.1243 0.2177
008310 0.6637 0.1191 0.2173
008320 0.6696 0.1134 0.2170
008330 0.6753 0.1095 0.2152
008340 0.6802 0.1078 0.2120
008350 0.6838 0.1071 0.2092
008360 0.6866 0.1072 0.2062
008370 0.6896 0.1078 0.2026
008380 0.6925 0.1092 0.1984
008390 0.6962 0.1096 0.1942
008400 0.6994 0.1107 0.1899
008410 0.7020 0.1104 0.1875
008420 0.7066 0.1083 0.1850
008430 0.7110 0.1054 0.1836
008440 0.7142 0.1030 0.1827
008450 0.7178 0.0995 0.1827
008460 0.7214 0.0973 0.1813
008470 0.7243 0.0954 0.1803
008480 0.7275 0.0943 0.1782
008490 0.7300 0.0941 0.1759
008500 0.7292 0.0958 0.1751
008510 0.7280 0.0975 0.1744
008520 0.7261 0.0983 0.1756
008530 0.7235 0.0980 0.1784
008540 0.7200 0.0968 0.1832
008550 0.7143 0.0959 0.1898
008560 0.7104 0.0944 0.1952
008570 0.7053 0.0928 0.2019
008580 0.7004 0.0911 0.2084
008590 0.6964 0.0884 0.2152
008600 0.6923 0.0877 0.2199
008610 0.6882 0.0882 0.2236
008620 0.6846 0.0891 0.2264
008630 0.6810 0.0923 0.2268
008640 0.6804 0.0947 0.2249
008650 0.6792 0.0975 0.2232
008660 0.6779 0.1000 0.2221
008670 0.6785 0.1032 0.2183
008680 0.6788 0.1069 0.2143
008690 0.6814 0.1097 0.2089
008700 0.6844 0.1126 0.2030
008710 0.6885 0.1157 0.1958
008720 0.6924 0.1182 0.1894
008730 0.6975 0.1187 0.1838
008740 0.7031 0.1173 0.1796
008750 0.7092 0.1153 0.1755
008760 0.7153 0.1115 0.1732
008770 0.7183 0.1078 0.1739
008780 0.7201 0.1043 0.1756
008790 0.7204 0.1010 0.1786
008800 0.7187 0.0993 0.1820
008810 0.7171 0.0976 0.1853
008820 0.7156 0.0944 0.1900
008830 0.7135 0.0917 0.1947
008840 0.7099 0.0912 0.1989
008850 0.7058 0.0907 0.2035
008860 0.7005 0.0893 0.2102
008870 0.6955 0.0887 0.2158
008880 0.6911 0.0889 0.2200
008890 0.6873 0.0885 0.2241
008900 0.6821 0.0907 0.2271
008910 0.6774 0.0934 0.2292
008920 0.6738 0.0957 0.2305
008930 0.6704 0.0961 0.2335
008940 0.6693 0.0945 0.2362
008950 0.6694 0.0922 0.2385
008960 0.6679 0.0923 0.2398
008970 0.6668 0.0944 0.2389
008980 0.6672 0.0974 0.2354
008990 0.6674 0.1017 0.2308
009000 0.6680 0.1070 0.2250
009010 0.6692 0.1129 0.2179
009020 0.6713 0.1180 0.2106
009030 0.6751 0.1222 0.2027
009040 0.6804 0.1246 0.1950
009050 0.6852 0.1249 0.1898
009060 0.6911 0.1233 0.1856
009070 0.6967 0.1188 0.1844
009080 0.7016 0.1148 0.1837
009090 0.7066 0.1102 0.1832
009100 0.7096 0.1074 0.1830
009110 0.7104 0.1062 0.1833
009120 0.7116 0.1058 0.1826
009130 0.7140 0.1042 0.1818
009140 0.7169 0.1021 0.1810
009150 0.7177 0.1010 0.1813
009160 0.7198 0.0971 0.1830
009170 0.7201 0.0953 0.1846
009180 0.7190 0.0942 0.1868
009190 0.7171 0.0950 0.1879
009200 0.7139 0.0982 0.1879
009210 0.7134 0.0983 0.1882
009220 0.7139 0.0984 0.1877
009230 0.7126 0.0976 0.1898
009240 0.7116 0.0964 0.1921
009250 0.7093 0.0960 0.1948
009260 0.7086 0.0945 0.1970
009270 0.7074 0.0929 0.1998
009280 0.7068 0.0900 0.2033
009290 0.7052 0.0894 0.2055
009300 0.7019 0.0910 0.2071
009310 0.7005 0.0926 0.2069
009320 0.6982 0.0951 0.2067
009330 0.6954 0.0983 0.2063
009340 0.6933 0.1009 0.2058
009350 0.6928 0.1023 0.2049
009360 0.6925 0.1036 0.2039
009370 0.6914 0.1062 0.2024
009380 0.6917 0.1085 0.1999
009390 0.6929 0.1102 0.1969
009400 0.6970 0.1099 0.1931
009410 0.7003 0.1086 0.1911
009420 0.7031 0.1062 0.1907
009430 0.7056 0.1042 0.1901
009440 0.7078 0.1017 0.1904
009450 0.7094 0.1005 0.1901
009460 0.7110 0.0982 0.1908
009470 0.7121 0.0952 0.1927
009480 0.7121 0.0930 0.1950
009490 0.7093 0.0919 0.1988
009500 0.7030 0.0944 0.2027
009510 0.6963 0.0984 0.2054
009520 0.6906 0.1019 0.2074
009530 0.6843 0.1071 0.2087
009540 0.6797 0.1110 0.2093
009550 0.6770 0.1123 0.2107
009560 0.6746 0.1122 0.2132
009570 0.6745 0.1101 0.2154
009580 0.6739 0.1082 0.2179
009590 0.6752 0.1072 0.2176
009600 0.6773 0.1070 0.2156
009610 0.6806 0.1076 0.2118
009620 0.6854 0.1076 0.2070
009630 0.6909 0.1060 0.2032
009640 0.6957 0.1044 0.1999
009650 0.7007 0.1032 0.1961
009660 0.7039 0.1020 0.1941
009670 0.7057 0.1017 0.1925
009680 0.7077 0.1020 0.1903
009690 0.7088 0.1047 0.1866
009700 0.7098 0.1065 0.1837
009710 0.7115 0.1055 0.1831
009720 0.7126 0.1037 0.1837
009730 0.7152 0.1014 0.1835
009740 0.7146 0.0985 0.1869
009750 0.7118 0.0956 0.1926
009760 0.7080 0.0936 0.1984
009770 0.7041 0.0905 0.2054
009780 0.6971 0.0896 0.2134
009790 0.6915 0.0883 0.2201
009800 0.6864 0.0885 0.2251
009810 0.6805 0.0901 0.2295
009820 0.6751 0.0924 0.2324
009830 0.6716 0.0951 0.2333
009840 0.6701 0.0987 0.2313
009850 0.6703 0.1020 0.2278
009860 0.6709 0.1076 0.2215
009870 0.6724 0.1127 0.2148
009880 0.6743 0.1176 0.2081
009890 0.6748 0.1234 0.2019
009900 0.6767 0.1296 0.1938
009910 0.6801 0.1349 0.1850
009920 0.6848 0.1372 0.1780
009930 0.6926 0.1379 0.1695
009940 0.7037 0.1327 0.1637
009950 0.7145 0.1250 0.1605
009960 0.7232 0.1178 0.1590
009970 0.7305 0.1119 0.1576
009980 0.7352 0.1055 0.1593
009990 0.7371 0.1007 0.1623
010000 0.7401 0.0954 0.1646
010010 0.7409 0.0923 0.1669
010020 0.7409 0.0923 0.1669
010030 0.7409 0.0923 0.1669
010040 0.7409 0.0923 0.1669
010050 0.7409 0.0923 0.1669
010060 0.7409 0.0923 0.1669
010070 0.7409 0.0923 0.1669
010080 0.7409 0.0923 0.1669
010090 0.7409 0.0923 0.1669
010100 0.7409 0.0923 0.1669
010110 0.7409 0.0923 0.1669
010120 0.7409 0.0923 0.1669
010130 0.7409 0.0923 0.1669
010140 0.7409 0.0923 0.1669
010150 0.7409 0.0923 0.1669
010160 0.7409 0.0923 0.1669
010170 0.7409 0.0923 0.1669
010180 0.7409 0.0923 0.1669
010190 0.7409 0.0923 0.1669
010200 0.7409 0.0923 0.1669
010210 0.7409 0.0923 0.1669
010220 0.7409 0.0923 0.1669
010230 0.7409 0.0923 0.1669
010240 0.7409 0.0923 0.1669
010250 0.7409 0.0923 0.1669
010260 0.7409 0.0923 0.1669
010270 0.7409 0.0923 0.1669
010280 0.7409 0.0923 0.1669
010290 0.7409 0.0923 0.1669
010300 0.7409 0.0923 0.1669
010310 0.7409 0.0923 0.1669
010320 0.7409 0.0923 0.1669
010330 0.7409 0.0923 0.1669
010340 0.7409 0.0923 0.1669
010350 0.7409 0.0923 0.1669
010360 0.7409 0.0923 0.1669
010370 0.7409 0.0923 0.1669
010380 0.7409 0.0923 0.1669
010390 0.7409 0.0923 0.1669
010400 0.7409 0.0923 0.1669
010410 0.7409 0.0923 0.1669
010420 0.7409 0.0923 0.1669
010430 0.7409 0.0923 0.1669
010440 0.7409 0.0923 0.1669
010450 0.7409 0.0923 0.1669
010460 0.7409 0.0923 0.1669
010470 0.7409 0.0923 0.1669
010480 0.7409 0.0923 0.1669
010490 0.7409 0.0923 0.1669
010500 0.7409 0.0923 0.1669
010510 0.7409 0.0923 0.1669
010520 0.7409 0.0923 0.1669
010530 0.7409 0.0923 0.1669
010540 0.7409 0.0923 0.1669
010550 0.7409 0.0923 0.1669
010560 0.7409 0.0923 0.1669
010570 0.7409 0.0923 0.1669
010580 0.7409 0.0923 0.1669
010590 0.7409 0.0923 0.1669
010600 0.7409 0.0923 0.1669
010610 0.7409 0.0923 0.1669
010620 0.7409 0.0923 0.1669
010630 0.7409 0.0923 0.1669
010640 0.7409 0.0923 0.1669
010650 0.7409 0.0923 0.1669
010660 0.7409 0.0923 0.1669
010670 0.7409 0.0923 0.1669
010680 0.7409 0.0923 0.1669
010690 0.7409 0.0923 0.1669
010700 0.7409 0.0923 0.1669
010710 0.7409 0.0923 0.1669
010720 0.7409 0.0923 0.1669
010730 0.7409 0.0923 0.1669
010740 0.7409 0.0923 0.1669
010750 0.7409 0.0923 0.1669
010760 0.7409 0.0923 0.1669
010770 0.7409 0.0923 0.1669
010780 0.7409 0.0923 0.1669
010790 0.7409 0.0923 0.1669
010800 0.7409 0.0923 0.1669
010810 0.7409 0.0923 0.1669
010820 0.7409 0.0923 0.1669
010830 0.7409 0.0923 0.1669
010840 0.7409 0.0923 0.1669
010850 0.7409 0.0923 0.1669
010860 0.7409 0.0923 0.1669
010870 0.7409 0.0923 0.1669
010880 0.7409 0.0923 0.1669
010890 0.7409 0.0923 0.1669
010900 0.7409 0.0923 0.1669
010910 0.7409 0.0923 0.1669
010920 0.7409 0.0923 0.1669
010930 0.7409 0.0923 0.1669
010940 0.7409 0.0923 0.1669
010950 0.7409 0.0923 0.1669
010960 0.7409 0.0923 0.1669
010970 0.7409 0.0923 0.1669
010980 0.7409 0.0923 0.1669
010990 0.7409 0.0923 0.1669
011000 0.7409 0.0923 0.1669
011010 0.7409 0.0923 0.1669
011020 0.7409 0.0923 0.1669
011030 0.7409 0.0923 0.1669
011040 0.7409 0.0923 0.1669
011050 0.7409 0.0923 0.1669
011060 0.7409 0.0923 0.1669
011070 0.7409 0.0923 0.1669
011080 0.7409 0.0923 0.1669
011090 0.7409 0.0923 0.1669
011100 0.7409 0.0923 0.1669
011110 0.7409 0.0923 0.1669
011120 0.7409 0.0923 0.1669
011130 0.7409 0.0923 0.1669
011140 0.7409 0.0923 0.1669
011150 0.7409 0.0923 0.1669
011160 0.7409 0.0923 0.1669
011170 0.7409 0.0923 0.1669
011180 0.7409 0.0923 0.1669
011190 0.7409 0.0923 0.1669
011200 0.7409 0.0923 0.1669
011210 0.7409 0.0923 0.1669
011220 0.7409 0.0923 0.1669
011230 0.7409 0.0923 0.1669
011240 0.7409 0.0923 0.1669
011250 0.7409 0.0923 0.1669
011260 0.7409 0.0923 0.1669
011270 0.7409 0.0923 0.1669
011280 0.7409 0.0923 0.1669
011290 0.7409 0.0923 0.1669
011300 0.7409 0.0923 0.1669
011310 0.7409 0.0923 0.1669
011320 0.7409 0.0923 0.1669
011330 0.7409 0.0923 0.1669
011340 0.7409 0.0923 0.1669
011350 0.7409 0.0923 0.1669
011360 0.7409 0.0923 0.1669
011370 0.7409 0.0923 0.1669
011380 0.7409 0.0923 0.1669
011390 0.7409 0.0923 0.1669
011400 0.7409 0.0923 0.1669
011410 0.7409 0.0923 0.1669
011420 0.7409 0.0923 0.1669
011430 0.7409 0.0923 0.1669
011440 0.7409 0.0923 0.1669
011450 0.7409 0.0923 0.1669
011460 0.7409 0.0923 0.1669
011470 0.7409 0.0923 0.1669
011480 0.7409 0.0923 0.1669
011490 0.7409 0.0923 0.1669
011500 0.7409 0.0923 0.1669
011510 0.7409 0.0923 0.1669
011520 0.7409 0.0923 0.1669
011530 0.7409 0.0923 0.1669
011540 0.7409 0.0923 0.1669
011550 0.7409 0.0923 0.1669
011560 0.7409 0.0923 0.1669
011570 0.7409 0.0923 0.1669
011580 0.7409 0.0923 0.1669
011590 0.7409 0.0923 0.1669
011600 0.7409 0.0923 0.1669
011610 0.7409 0.0923 0.1669
011620 0.7409 0.0923 0.1669
011630 0.7409 0.0923 0.1669
011640 0.7409 0.0923 0.1669
011650 0.7409 0.0923 0.1669
011660 0.7409 0.0923 0.1669
011670 0.7409 0.0923 0.1669
011680 0.7409 0.0923 0.1669
011690 0.7409 0.0923 0.1669
011700 0.7409 0.0923 0.1669
011710 0.7409 0.0923 0.1669
011720 0.7409 0.0923 0.1669
011730 0.7409 0.0923 0.1669
011740 0.7409 0.0923 0.1669
011750 0.7409 0.0923 0.1669
011760 0.7409 0.0923 0.1669
011770 0.7409 0.0923 0.1669
011780 0.7409 0.0923 0.1669
011790 0.7409 0.0923 0.1669
011800 0.7409 0.0923 0.1669
011810 0.7409 0.0923 0.1669
011820 0.7409 0.0923 0.1669
011830 0.7409 0.0923 0.1669
011840 0.7409 0.0923 0.1669
011850 0.7409 0.0923 0.1669
011860 0.7409 0.0923 0.1669
011870 0.7409 0.0923 0.1669
011880 0.7409 0.0923 0.1669
011890 0.7409 0.0923 0.1669
011900 0.7409 0.0923 0.1669
011910 0.7409 0.0923 0.1669
011920 0.7409 0.0923 0.1669
011930 0.7409 0.0923 0.1669
011940 0.7409 0.0923 0.1669
011950 0.7409 0.0923 0.1669
011960 0.7409 0.0923 0.1669
011970 0.7409 0.0923 0.1669
011980 0.7409 0.0923 0.1669
011990 0.7409 0.0923 0.1669
012000 0.7409 0.0923 0.1669
012010 0.7409 0.0923 0.1669
012020 0.7409 0.0923 0.1669
012030 0.7409 0.0923 0.1669
012040 0.7409 0.0923 0.1669
012050 0.7409 0.0923 0.1669
012060 0.7409 0.0923 0.1669
012070 0.7409 0.0923 0.1669
012080 0.7409 0.0923 0.1669
012090 0.7409 0.0923 0.1669
012100 0.7409 0.0923 0.1669
012110 0.7409 0.0923 0.1669
012120 0.7409 0.0923 0.1669
012130 0.7409 0.0923 0.1669
012140 0.7409 0.0923 0.1669
012150 0.7409 0.0923 0.1669
012160 0.7409 0.0923 0.1669
012170 0.7409 0.0923 0.1669
012180 0.7409 0.0923 0.1669
012190 0.7409 0.0923 0.1669
012200 0.7409 0.0923 0.1669
012210 0.7409 0.0923 0.1669
012220 0.7409 0.0923 0.1669
012230 0.7409 0.0923 0.1669
012240 0.7409 0.0923 0.1669
012250 0.7409 0.0923 0.1669
012260 0.7409 0.0923 0.1669
012270 0.7409 0.0923 0.1669
012280 0.7409 0.0923 0.1669
012290 0.7409 0.0923 0.1669
012300 0.7409 0.0923 0.1669
012310 0.7409 0.0923 0.1669
012320 0.7409 0.0923 0.1669
012330 0.7409 0.0923 0.1669
012340 0.7409 0.0923 0.1669
012350 0.7409 0.0923 0.1669
012360 0.7409 0.0923 0.1669
012370 0.7409 0.0923 0.1669
012380 0.7409 0.0923 0.1669
012390 0.7409 0.0923 0.1669
012400 0.7409 0.0923 0.1669
012410 0.7409 0.0923 0.1669
012420 0.7409 0.0923 0.1669
012430 0.7409 0.0923 0.1669
012440 0.7409 0.0923 0.1669
012450 0.7409 0.0923 0.1669
012460 0.7409 0.0923 0.1669
012470 0.7409 0.0923 0.1669
012480 0.7409 0.0923 0.1669
012490 0.7409 0.0923 0.1669
012500 0.7409 0.0923 0.1669
012510 0.7409 0.0923 0.1669
012520 0.7409 0.0923 0.1669
012530 0.7409 0.0923 0.1669
012540 0.7409 0.0923 0.1669
012550 0.7409 0.0923 0.1669
012560 0.7409 0.0923 0.1669
012570 0.7409 0.0923 0.1669
012580 0.7409 0.0923 0.1669
012590 0.7409 0.0923 0.1669
012600 0.7409 0.0923 0.1669
012610 0.7409 0.0923 0.1669
012620 0.7409 0.0923 0.1669
012630 0.7409 0.0923 0.1669
012640 0.7409 0.0923 0.1669
012650 0.7409 0.0923 0.1669
012660 0.7409 0.0923 0.1669
012670 0.7409 0.0923 0.1669
012680 0.7409 0.0923 0.1669
012690 0.7409 0.0923 0.1669
012700 0.7409 0.0923 0.1669
012710 0.7409 0.0923 0.1669
012720 0.7409 0.0923 0.1669
012730 0.7409 0.0923 0.1669
012740 0.7409 0.0923 0.1669
012750 0.7409 0.0923 0.1669
012760 0.7409 0.0923 0.1669
012770 0.7409 0.0923 0.1669
012780 0.7409 0.0923 0.1669
012790 0.7409 0.0923 0.1669
012800 0.7409 0.0923 0.1669
012810 0.7409 0.0923 0.1669
012820 0.7409 0.0923 0.1669
012830 0.7409 0.0923 0.1669
012840 0.7409 0.0923 0.1669
012850 0.7409 0.0923 0.1669
012860 0.7409 0.0923 0.1669
012870 0.7409 0.0923 0.1669
012880 0.7409 0.0923 0.1669
012890 0.7409 0.0923 0.1669
012900 0.7409 0.0923 0.1669
012910 0.7409 0.0923 0.1669
012920 0.7409 0.0923 0.1669
012930 0.7409 0.0923 0.1669
012940 0.7409 0.0923 0.1669
012950 0.7409 0.0923 0.1669
012960 0.7409 0.0923 0.1669
012970 0.7409 0.0923 0.1669
012980 0.7409 0.0923 0.1669
012990 0.7409 0.0923 0.1669
013000 0.7409 0.0923 0.1669
013010 0.7409 0.0923 0.1669
013020 0.7409 0.0923 0.1669
013030 0.7409 0.0923 0.1669
013040 0.7409 0.0923 0.1669
013050 0.7409 0.0923 0.1669
013060 0.7409 0.0923 0.1669
013070 0.7409 0.0923 0.1669
013080 0.7409 0.0923 0.1669
013090 0.7409 0.0923 0.1669
013100 0.7409 0.0923 0.1669
013110 0.7409 0.0923 0.1669
013120 0.7409 0.0923 0.1669
013130 0.7409 0.0923 0.1669
013140 0.7409 0.0923 0.1669
013150 0.7409 0.0923 0.1669
013160 0.7409 0.0923 0.1669
013170 0.7409 0.0923 0.1669
013180 0.7409 0.0923 0.1669
013190 0.7409 0.0923 0.1669
013200 0.7409 0.0923 0.1669
013210 0.7409 0.0923 0.1669
013220 0.7409 0.0923 0.1669
013230 0.7409 0.0923 0.1669
013240 0.7409 0.0923 0.1669
013250 0.7409 0.0923 0.1669
013260 0.7409 0.0923 0.1669
013270 0.7409 0.0923 0.1669
013280 0.7409 0.0923 0.1669
013290 0.7409 0.0923 0.1669
013300 0.7409 0.0923 0.1669
013310 0.7409 0.0923 0.1669
013320 0.7409 0.0923 0.1669
013330 0.7409 0.0923 0.1669
013340 0.7409 0.0923 0.1669
013350 0.7409 0.0923 0.1669
013360 0.7409 0.0923 0.1669
013370 0.7409 0.0923 0.1669
013380 0.7409 0.0923 0.1669
013390 0.7409 0.0923 0.1669
013400 0.7409 0.0923 0.1669
013410 0.7409 0.0923 0.1669
013420 0.7409 0.0923 0.1669
013430 0.7409 0.0923 0.1669
013440 0.7409 0.0923 0.1669
013450 0.7409 0.0923 0.1669
013460 0.7409 0.0923 0.1669
013470 0.7409 0.0923 0.1669
013480 0.7409 0.0923 0.1669
013490 0.7409 0.0923 0.1669
013500 0.7409 0.0923 0.1669
013510 0.7409 0.0923 0.1669
013520 0.7409 0.0923 0.1669
013530 0.7409 0.0923 0.1669
013540 0.7409 0.0923 0.1669
013550 0.7409 0.0923 0.1669
013560 0.7409 0.0923 0.1669
013570 0.7409 0.0923 0.1669
013580 0.7409 0.0923 0.1669
013590 0.7409 0.0923 0.1669
013600 0.7409 0.0923 0.1669
013610 0.7409 0.0923 0.1669
013620 0.7409 0.0923 0.1669
013630 0.7409 0.0923 0.1669
013640 0.7409 0.0923 0.1669
013650 0.7409 0.0923 0.1669
013660 0.7409 0.0923 0.1669
013670 0.7409 0.0923 0.1669
013680 0.7409 0.0923 0.1669
013690 0.7409 0.0923 0.1669
013700 0.7409 0.0923 0.1669
013710 0.7409 0.0923 0.1669
013720 0.7409 0.0923 0.1669
013730 0.7409 0.0923 0.1669
013740 0.7409 0.0923 0.1669
013750 0.7409 0.0923 0.1669
013760 0.7409 0.0923 0.1669
013770 0.7409 0.0923 0.1669
013780 0.7409 0.0923 0.1669
013790 0.7409 0.0923 0.1669
013800 0.7409 0.0923 0.1669
013810 0.7409 0.0923 0.1669
013820 0.7409 0.0923 0.1669
013830 0.7409 0.0923 0.1669
013840 0.7409 0.0923 0.1669
013850 0.7409 0.0923 0.1669
013860 0.7409 0.0923 0.1669
013870 0.7409 0.0923 0.1669
013880 0.7409 0.0923 0.1669
013890 0.7409 0.0923 0.1669
013900 0.7409 0.0923 0.1669
013910 0.7409 0.0923 0.1669
013920 0.7409 0.0923 0.1669
013930 0.7409 0.0923 0.1669
013940 0.7409 0.0923 0.1669
013950 0.7409 0.0923 0.1669
013960 0.7409 0.0923 0.1669
013970 0.7409 0.0923 0.1669
013980 0.7409 0.0923 0.1669
013990 0.7409 0.0923 0.1669
014000 0.7409 0.0923 0.1669
014010 0.7409 0.0923 0.1669
014020 0.7409 0.0923 0.1669
014030 0.7409 0.0923 0.1669
014040 0.7409 0.0923 0.1669
014050 0.7409 0.0923 0.1669
014060 0.7409 0.0923 0.1669
014070 0.7409 0.0923 0.1669
014080 0.7409 0.0923 0.1669
014090 0.7409 0.0923 0.1669
014100 0.7409 0.0923 0.1669
014110 0.7409 0.0923 0.1669
014120 0.7409 0.0923 0.1669
014130 0.7409 0.0923 0.1669
014140 0.7409 0.0923 0.1669
014150 0.7409 0.0923 0.1669
014160 0.7409 0.0923 0.1669
014170 0.7409 0.0923 0.1669
014180 0.7409 0.0923 0.1669
014190 0.7409 0.0923 0.1669
014200 0.7409 0.0923 0.1669
014210 0.7409 0.0923 0.1669
014220 0.7409 0.0923 0.1669
014230 0.7409 0.0923 0.1669
014240 0.7409 0.0923 0.1669
014250 0.7409 0.0923 0.1669
014260 0.7409 0.0923 0.1669
014270 0.7409 0.0923 0.1669
