000000 0.3333 0.3326 0.3341
000010 0.3327 0.3353 0.3320
000020 0.3336 0.3380 0.3284
000030 0.3349 0.3415 0.3237
000040 0.3374 0.3460 0.3166
000050 0.3407 0.3522 0.3071
000060 0.3446 0.3601 0.2953
000070 0.3498 0.3702 0.2800
000080 0.3565 0.3826 0.2609
000090 0.3643 0.3980 0.2377
000100 0.3736 0.4146 0.2119
000110 0.3846 0.4309 0.1845
000120 0.3975 0.4456 0.1569
000130 0.4122 0.4579 0.1299
000140 0.4296 0.4670 0.1034
000150 0.4495 0.4705 0.0800
000160 0.4717 0.4695 0.0588
000170 0.4963 0.4635 0.0402
000180 0.5232 0.4502 0.0266
000190 0.5513 0.4310 0.0176
000200 0.5810 0.4075 0.0114
000210 0.6127 0.3800 0.0073
000220 0.6451 0.3506 0.0043
000230 0.6775 0.3188 0.0037
000240 0.7087 0.2874 0.0039
000250 0.7396 0.2560 0.0044
000260 0.7685 0.2261 0.0054
000270 0.7952 0.1982 0.0065
000280 0.8202 0.1719 0.0080
000290 0.8425 0.1478 0.0097
000300 0.8619 0.1266 0.0116
000310 0.8797 0.1067 0.0136
000320 0.8953 0.0890 0.0157
000330 0.9087 0.0734 0.0179
000340 0.9203 0.0598 0.0200
000350 0.9298 0.0478 0.0224
000360 0.9375 0.0380 0.0245
000370 0.9438 0.0296 0.0266
000380 0.9488 0.0224 0.0288
000390 0.9516 0.0171 0.0313
000400 0.9535 0.0131 0.0334
000410 0.9541 0.0105 0.0354
000420 0.9534 0.0095 0.0371
000430 0.9519 0.0102 0.0379
000440 0.9499 0.0115 0.0386
000450 0.9474 0.0134 0.0392
000460 0.9447 0.0158 0.0396
000470 0.9426 0.0181 0.0393
000480 0.9408 0.0200 0.0392
000490 0.9395 0.0215 0.0390
000500 0.9378 0.0226 0.0396
000510 0.9364 0.0232 0.0404
000520 0.9351 0.0229 0.0420
000530 0.9333 0.0231 0.0436
000540 0.9313 0.0233 0.0455
000550 0.9294 0.0234 0.0471
000560 0.9278 0.0233 0.0489
000570 0.9258 0.0236 0.0507
000580 0.9237 0.0241 0.0521
000590 0.9216 0.0252 0.0532
000600 0.9194 0.0261 0.0545
000610 0.9175 0.0267 0.0558
000620 0.9151 0.0277 0.0573
000630 0.9133 0.0282 0.0585
000640 0.9108 0.0290 0.0602
000650 0.9079 0.0306 0.0615
000660 0.9049 0.0321 0.0631
000670 0.9013 0.0339 0.0648
000680 0.8981 0.0356 0.0663
000690 0.8949 0.0374 0.0676
000700 0.8923 0.0399 0.0678
000710 0.8893 0.0422 0.0685
000720 0.8859 0.0448 0.0693
000730 0.8828 0.0474 0.0698
000740 0.8805 0.0503 0.0692
000750 0.8788 0.0520 0.0692
000760 0.8777 0.0528 0.0695
000770 0.8770 0.0530 0.0700
000780 0.8760 0.0534 0.0706
000790 0.8749 0.0536 0.0715
000800 0.8737 0.0537 0.0726
000810 0.8728 0.0537 0.0735
000820 0.8713 0.0540 0.0748
000830 0.8696 0.0543 0.0761
000840 0.8679 0.0548 0.0773
000850 0.8657 0.0552 0.0791
000860 0.8641 0.0559 0.0801
000870 0.8619 0.0570 0.0811
000880 0.8596 0.0580 0.0824
000890 0.8576 0.0587 0.0837
000900 0.8545 0.0601 0.0854
000910 0.8518 0.0620 0.0862
000920 0.8490 0.0650 0.0860
000930 0.8454 0.0696 0.0850
000940 0.8422 0.0741 0.0837
000950 0.8385 0.0797 0.0818
000960 0.8360 0.0855 0.0785
000970 0.8342 0.0913 0.0745
000980 0.8346 0.0947 0.0707
000990 0.8360 0.0968 0.0671
001000 0.8383 0.0976 0.0642
001010 0.8404 0.0981 0.0615
001020 0.8426 0.0982 0.0592
001030 0.8454 0.0966 0.0580
001040 0.8488 0.0935 0.0577
001050 0.8520 0.0905 0.0575
001060 0.8555 0.0870 0.0575
001070 0.8590 0.0824 0.0586
001080 0.8631 0.0768 0.0601
001090 0.8662 0.0724 0.0614
001100 0.8704 0.0667 0.0629
001110 0.8746 0.0612 0.0642
001120 0.8768 0.0574 0.0659
001130 0.8788 0.0544 0.0668
001140 0.8802 0.0525 0.0672
001150 0.8808 0.0516 0.0677
001160 0.8810 0.0506 0.0684
001170 0.8809 0.0508 0.0683
001180 0.8794 0.0523 0.0683
001190 0.8775 0.0542 0.0683
001200 0.8756 0.0554 0.0690
001210 0.8732 0.0567 0.0701
001220 0.8709 0.0578 0.0713
001230 0.8683 0.0585 0.0732
001240 0.8659 0.0592 0.0749
001250 0.8640 0.0593 0.0767
001260 0.8629 0.0586 0.0785
001270 0.8609 0.0580 0.0812
001280 0.8591 0.0567 0.0843
001290 0.8564 0.0557 0.0880
001300 0.8538 0.0548 0.0914
001310 0.8513 0.0528 0.0959
001320 0.8489 0.0515 0.0996
001330 0.8459 0.0515 0.1027
001340 0.8425 0.0519 0.1056
001350 0.8389 0.0522 0.1090
001360 0.8351 0.0525 0.1123
001370 0.8306 0.0553 0.1142
001380 0.8253 0.0587 0.1160
001390 0.8202 0.0629 0.1169
001400 0.8163 0.0676 0.1160
001410 0.8126 0.0726 0.1148
001420 0.8080 0.0783 0.1137
001430 0.8031 0.0848 0.1121
001440 0.7983 0.0919 0.1098
001450 0.7951 0.0979 0.1069
001460 0.7940 0.1022 0.1038
001470 0.7949 0.1063 0.0988
001480 0.7957 0.1099 0.0944
001490 0.7977 0.1119 0.0903
001500 0.8017 0.1112 0.0871
001510 0.8065 0.1093 0.0842
001520 0.8111 0.1077 0.0812
001530 0.8147 0.1057 0.0796
001540 0.8188 0.1030 0.0782
001550 0.8216 0.1016 0.0767
001560 0.8252 0.0995 0.0753
001570 0.8297 0.0969 0.0734
001580 0.8350 0.0935 0.0715
001590 0.8393 0.0903 0.0703
001600 0.8435 0.0870 0.0694
001610 0.8474 0.0835 0.0691
001620 0.8512 0.0790 0.0698
001630 0.8539 0.0762 0.0698
001640 0.8544 0.0748 0.0708
001650 0.8535 0.0747 0.0718
001660 0.8520 0.0755 0.0725
001670 0.8501 0.0762 0.0737
001680 0.8490 0.0754 0.0755
001690 0.8475 0.0746 0.0780
001700 0.8470 0.0724 0.0807
001710 0.8458 0.0702 0.0840
001720 0.8449 0.0679 0.0872
001730 0.8435 0.0658 0.0907
001740 0.8412 0.0642 0.0946
001750 0.8380 0.0646 0.0974
001760 0.8349 0.0650 0.1001
001770 0.8324 0.0642 0.1034
001780 0.8295 0.0642 0.1062
001790 0.8282 0.0622 0.1096
001800 0.8265 0.0601 0.1134
001810 0.8258 0.0576 0.1166
001820 0.8238 0.0563 0.1199
001830 0.8208 0.0564 0.1227
001840 0.8164 0.0588 0.1249
001850 0.8121 0.0621 0.1257
001860 0.8067 0.0664 0.1270
001870 0.8012 0.0714 0.1275
001880 0.7949 0.0765 0.1286
001890 0.7892 0.0821 0.1287
001900 0.7840 0.0875 0.1285
001910 0.7796 0.0920 0.1283
001920 0.7772 0.0967 0.1261
001930 0.7747 0.1017 0.1236
001940 0.7745 0.1057 0.1198
001950 0.7734 0.1099 0.1168
001960 0.7741 0.1134 0.1125
001970 0.7750 0.1164 0.1086
001980 0.7765 0.1186 0.1049
001990 0.7777 0.1195 0.1028
002000 0.7782 0.1190 0.1028
002010 0.7798 0.1171 0.1030
002020 0.7822 0.1150 0.1027
002030 0.7870 0.1101 0.1029
002040 0.7915 0.1040 0.1045
002050 0.7960 0.0978 0.1061
002060 0.8003 0.0928 0.1070
002070 0.8034 0.0881 0.1085
002080 0.8054 0.0849 0.1097
002090 0.8068 0.0819 0.1112
002100 0.8068 0.0803 0.1129
002110 0.8044 0.0808 0.1148
002120 0.8005 0.0836 0.1160
002130 0.7959 0.0872 0.1169
002140 0.7922 0.0911 0.1166
002150 0.7879 0.0964 0.1156
002160 0.7847 0.1012 0.1141
002170 0.7803 0.1076 0.1122
002180 0.7772 0.1134 0.1094
002190 0.7749 0.1187 0.1063
002200 0.7747 0.1213 0.1039
002210 0.7768 0.1215 0.1017
002220 0.7807 0.1191 0.1002
002230 0.7846 0.1160 0.0994
002240 0.7896 0.1127 0.0977
002250 0.7942 0.1102 0.0956
002260 0.7982 0.1073 0.0945
002270 0.8008 0.1063 0.0930
002280 0.8019 0.1059 0.0922
002290 0.8025 0.1067 0.0908
002300 0.8041 0.1076 0.0883
002310 0.8055 0.1066 0.0879
002320 0.8075 0.1044 0.0881
002330 0.8098 0.1021 0.0880
002340 0.8113 0.1003 0.0885
002350 0.8138 0.0983 0.0879
002360 0.8153 0.0963 0.0883
002370 0.8160 0.0953 0.0887
002380 0.8168 0.0950 0.0882
002390 0.8175 0.0938 0.0887
002400 0.8167 0.0931 0.0901
002410 0.8164 0.0921 0.0915
002420 0.8160 0.0909 0.0931
002430 0.8140 0.0895 0.0965
002440 0.8118 0.0878 0.1004
002450 0.8087 0.0872 0.1041
002460 0.8055 0.0853 0.1093
002470 0.8018 0.0837 0.1144
002480 0.7986 0.0820 0.1195
002490 0.7942 0.0806 0.1253
002500 0.7889 0.0803 0.1307
002510 0.7843 0.0801 0.1356
002520 0.7796 0.0807 0.1397
002530 0.7752 0.0805 0.1443
002540 0.7708 0.0812 0.1480
002550 0.7657 0.0823 0.1519
002560 0.7618 0.0832 0.1550
002570 0.7574 0.0846 0.1580
002580 0.7533 0.0876 0.1591
002590 0.7486 0.0904 0.1610
002600 0.7432 0.0940 0.1628
002610 0.7378 0.0987 0.1635
002620 0.7338 0.1028 0.1634
002630 0.7292 0.1068 0.1641
002640 0.7240 0.1124 0.1636
002650 0.7198 0.1177 0.1625
002660 0.7172 0.1214 0.1614
002670 0.7136 0.1253 0.1612
002680 0.7095 0.1308 0.1597
002690 0.7066 0.1363 0.1571
002700 0.7040 0.1423 0.1537
002710 0.7011 0.1473 0.1517
002720 0.6987 0.1524 0.1489
002730 0.6974 0.1557 0.1469
002740 0.6977 0.1595 0.1429
002750 0.6976 0.1630 0.1394
002760 0.6980 0.1640 0.1380
002770 0.6984 0.1639 0.1377
002780 0.6993 0.1634 0.1372
002790 0.7014 0.1617 0.1369
002800 0.7023 0.1603 0.1374
002810 0.7021 0.1598 0.1381
002820 0.7025 0.1589 0.1387
002830 0.7029 0.1577 0.1394
002840 0.7045 0.1544 0.1411
002850 0.7075 0.1512 0.1413
002860 0.7105 0.1478 0.1417
002870 0.7137 0.1431 0.1432
002880 0.7177 0.1386 0.1437
002890 0.7222 0.1339 0.1439
002900 0.7258 0.1298 0.1443
002910 0.7312 0.1252 0.1436
002920 0.7344 0.1220 0.1436
002930 0.7370 0.1207 0.1423
002940 0.7398 0.1193 0.1409
002950 0.7426 0.1188 0.1386
002960 0.7455 0.1179 0.1366
002970 0.7477 0.1188 0.1335
002980 0.7501 0.1202 0.1296
002990 0.7520 0.1218 0.1263
003000 0.7550 0.1237 0.1213
003010 0.7589 0.1238 0.1173
003020 0.7630 0.1236 0.1134
003030 0.7665 0.1226 0.1109
003040 0.7693 0.1213 0.1094
003050 0.7740 0.1172 0.1089
003060 0.7786 0.1124 0.1089
003070 0.7826 0.1085 0.1090
003080 0.7870 0.1038 0.1093
003090 0.7907 0.0989 0.1104
003100 0.7941 0.0931 0.1127
003110 0.7977 0.0872 0.1151
003120 0.8005 0.0813 0.1182
003130 0.8026 0.0759 0.1215
003140 0.8046 0.0710 0.1243
003150 0.8047 0.0680 0.1273
003160 0.8040 0.0661 0.1299
003170 0.8011 0.0657 0.1332
003180 0.7971 0.0666 0.1362
003190 0.7918 0.0700 0.1382
003200 0.7856 0.0752 0.1392
003210 0.7797 0.0805 0.1399
003220 0.7743 0.0862 0.1395
003230 0.7702 0.0915 0.1383
003240 0.7663 0.0968 0.1369
003250 0.7626 0.1026 0.1349
003260 0.7578 0.1089 0.1333
003270 0.7532 0.1145 0.1324
003280 0.7494 0.1179 0.1326
003290 0.7468 0.1194 0.1338
003300 0.7454 0.1184 0.1361
003310 0.7442 0.1181 0.1377
003320 0.7421 0.1193 0.1386
003330 0.7411 0.1204 0.1385
003340 0.7397 0.1225 0.1378
003350 0.7390 0.1238 0.1372
003360 0.7383 0.1244 0.1373
003370 0.7374 0.1237 0.1389
003380 0.7358 0.1235 0.1407
003390 0.7358 0.1228 0.1414
003400 0.7360 0.1218 0.1422
003410 0.7355 0.1223 0.1422
003420 0.7348 0.1225 0.1426
003430 0.7341 0.1239 0.1420
003440 0.7334 0.1253 0.1413
003450 0.7326 0.1268 0.1405
003460 0.7333 0.1278 0.1389
003470 0.7345 0.1276 0.1379
003480 0.7352 0.1276 0.1372
003490 0.7362 0.1270 0.1368
003500 0.7364 0.1270 0.1366
003510 0.7370 0.1279 0.1351
003520 0.7376 0.1280 0.1344
003530 0.7381 0.1289 0.1330
003540 0.7383 0.1288 0.1329
003550 0.7378 0.1293 0.1329
003560 0.7375 0.1294 0.1332
003570 0.7376 0.1296 0.1328
003580 0.7374 0.1303 0.1324
003590 0.7395 0.1297 0.1308
003600 0.7405 0.1292 0.1303
003610 0.7416 0.1288 0.1297
003620 0.7428 0.1288 0.1284
003630 0.7446 0.1272 0.1281
003640 0.7466 0.1261 0.1273
003650 0.7490 0.1238 0.1272
003660 0.7517 0.1207 0.1276
003670 0.7534 0.1192 0.1274
003680 0.7555 0.1189 0.1256
003690 0.7573 0.1197 0.1229
003700 0.7601 0.1209 0.1189
003710 0.7629 0.1217 0.1154
003720 0.7659 0.1209 0.1132
003730 0.7672 0.1215 0.1113
003740 0.7678 0.1223 0.1099
003750 0.7696 0.1223 0.1081
003760 0.7711 0.1225 0.1064
003770 0.7706 0.1240 0.1054
003780 0.7705 0.1251 0.1044
003790 0.7695 0.1273 0.1032
003800 0.7682 0.1311 0.1007
003810 0.7702 0.1325 0.0973
003820 0.7739 0.1306 0.0954
003830 0.7781 0.1262 0.0957
003840 0.7824 0.1225 0.0951
003850 0.7868 0.1187 0.0946
003860 0.7929 0.1136 0.0935
003870 0.7986 0.1084 0.0930
003880 0.8032 0.1040 0.0928
003890 0.8073 0.1005 0.0922
003900 0.8110 0.0973 0.0917
003910 0.8138 0.0950 0.0912
003920 0.8165 0.0914 0.0921
003930 0.8198 0.0876 0.0926
003940 0.8234 0.0833 0.0933
003950 0.8267 0.0797 0.0937
003960 0.8289 0.0764 0.0947
003970 0.8303 0.0733 0.0964
003980 0.8310 0.0708 0.0982
003990 0.8303 0.0698 0.0999
004000 0.8287 0.0696 0.1017
004010 0.8277 0.0686 0.1037
004020 0.8262 0.0683 0.1055
004030 0.8237 0.0685 0.1078
004040 0.8200 0.0697 0.1103
004050 0.8161 0.0713 0.1127
004060 0.8116 0.0737 0.1147
004070 0.8065 0.0768 0.1167
004080 0.8014 0.0802 0.1184
004090 0.7973 0.0832 0.1195
004100 0.7928 0.0859 0.1213
004110 0.7878 0.0894 0.1228
004120 0.7830 0.0916 0.1253
004130 0.7784 0.0948 0.1268
004140 0.7747 0.0986 0.1267
004150 0.7722 0.1022 0.1257
004160 0.7702 0.1055 0.1243
004170 0.7691 0.1088 0.1221
004180 0.7676 0.1129 0.1195
004190 0.7665 0.1175 0.1159
004200 0.7659 0.1220 0.1121
004210 0.7660 0.1262 0.1078
004220 0.7665 0.1295 0.1039
004230 0.7678 0.1320 0.1002
004240 0.7692 0.1344 0.0964
004250 0.7705 0.1355 0.0940
004260 0.7725 0.1364 0.0911
004270 0.7753 0.1358 0.0888
004280 0.7812 0.1319 0.0868
004290 0.7871 0.1272 0.0857
004300 0.7934 0.1228 0.0839
004310 0.7990 0.1179 0.0831
004320 0.8044 0.1118 0.0837
004330 0.8100 0.1058 0.0843
004340 0.8143 0.0992 0.0864
004350 0.8180 0.0930 0.0890
004360 0.8199 0.0879 0.0922
004370 0.8197 0.0847 0.0955
004380 0.8182 0.0817 0.1001
004390 0.8157 0.0793 0.1051
004400 0.8119 0.0772 0.1109
004410 0.8087 0.0752 0.1161
004420 0.8053 0.0726 0.1221
004430 0.8018 0.0702 0.1280
004440 0.7984 0.0664 0.1351
004450 0.7937 0.0648 0.1415
004460 0.7877 0.0644 0.1479
004470 0.7805 0.0650 0.1545
004480 0.7728 0.0667 0.1605
004490 0.7653 0.0683 0.1663
004500 0.7575 0.0705 0.1720
004510 0.7493 0.0730 0.1777
004520 0.7411 0.0760 0.1829
004530 0.7326 0.0800 0.1874
004540 0.7249 0.0838 0.1913
004550 0.7174 0.0887 0.1939
004560 0.7091 0.0938 0.1971
004570 0.7011 0.0998 0.1991
004580 0.6937 0.1063 0.1999
004590 0.6874 0.1128 0.1998
004600 0.6818 0.1191 0.1991
004610 0.6767 0.1251 0.1982
004620 0.6730 0.1313 0.1957
004630 0.6698 0.1384 0.1918
004640 0.6691 0.1435 0.1873
004650 0.6690 0.1484 0.1826
004660 0.6700 0.1531 0.1769
004670 0.6723 0.1579 0.1699
004680 0.6749 0.1630 0.1621
004690 0.6772 0.1673 0.1554
004700 0.6811 0.1711 0.1478
004710 0.6861 0.1727 0.1412
004720 0.6912 0.1733 0.1356
004730 0.6985 0.1717 0.1297
004740 0.7072 0.1683 0.1245
004750 0.7173 0.1622 0.1205
004760 0.7271 0.1578 0.1152
004770 0.7358 0.1527 0.1114
004780 0.7426 0.1477 0.1097
004790 0.7492 0.1437 0.1072
004800 0.7548 0.1401 0.1051
004810 0.7607 0.1354 0.1039
004820 0.7657 0.1307 0.1036
004830 0.7708 0.1257 0.1035
004840 0.7765 0.1203 0.1032
004850 0.7822 0.1155 0.1023
004860 0.7879 0.1108 0.1013
004870 0.7926 0.1070 0.1004
004880 0.7988 0.1025 0.0987
004890 0.8053 0.0976 0.0971
004900 0.8105 0.0926 0.0969
004910 0.8155 0.0872 0.0973
004920 0.8195 0.0822 0.0983
004930 0.8218 0.0777 0.1005
004940 0.8234 0.0737 0.1029
004950 0.8232 0.0718 0.1050
004960 0.8203 0.0723 0.1074
004970 0.8168 0.0733 0.1098
004980 0.8137 0.0737 0.1126
004990 0.8098 0.0742 0.1160
005000 0.8069 0.0736 0.1195
005010 0.8025 0.0730 0.1245
005020 0.7977 0.0731 0.1292
005030 0.7925 0.0732 0.1343
005040 0.7870 0.0748 0.1383
005050 0.7814 0.0770 0.1416
005060 0.7758 0.0797 0.1446
005070 0.7699 0.0829 0.1473
005080 0.7628 0.0879 0.1493
005090 0.7577 0.0932 0.1491
005100 0.7529 0.0976 0.1495
005110 0.7499 0.1021 0.1480
005120 0.7465 0.1078 0.1457
005130 0.7435 0.1123 0.1441
005140 0.7415 0.1161 0.1424
005150 0.7411 0.1189 0.1400
005160 0.7409 0.1206 0.1385
005170 0.7422 0.1206 0.1372
005180 0.7431 0.1209 0.1360
005190 0.7446 0.1205 0.1350
005200 0.7452 0.1210 0.1338
005210 0.7472 0.1205 0.1323
005220 0.7497 0.1216 0.1287
005230 0.7520 0.1234 0.1245
005240 0.7547 0.1246 0.1206
005250 0.7558 0.1259 0.1182
005260 0.7577 0.1267 0.1156
005270 0.7602 0.1263 0.1135
005280 0.7635 0.1247 0.1118
005290 0.7665 0.1223 0.1112
005300 0.7684 0.1205 0.1111
005310 0.7696 0.1198 0.1107
005320 0.7701 0.1196 0.1103
005330 0.7706 0.1203 0.1091
005340 0.7722 0.1194 0.1084
005350 0.7734 0.1178 0.1088
005360 0.7747 0.1161 0.1092
005370 0.7745 0.1138 0.1117
005380 0.7754 0.1104 0.1142
005390 0.7749 0.1069 0.1181
005400 0.7744 0.1035 0.1221
005410 0.7732 0.0997 0.1271
005420 0.7704 0.0972 0.1324
005430 0.7684 0.0943 0.1373
005440 0.7665 0.0921 0.1414
005450 0.7656 0.0895 0.1449
005460 0.7646 0.0886 0.1468
005470 0.7633 0.0893 0.1474
005480 0.7614 0.0919 0.1467
005490 0.7584 0.0961 0.1456
005500 0.7578 0.0998 0.1425
005510 0.7565 0.1035 0.1400
005520 0.7553 0.1086 0.1361
005530 0.7555 0.1134 0.1311
005540 0.7554 0.1187 0.1260
005550 0.7552 0.1225 0.1223
005560 0.7560 0.1249 0.1192
005570 0.7563 0.1252 0.1185
005580 0.7573 0.1245 0.1182
005590 0.7595 0.1237 0.1169
005600 0.7630 0.1213 0.1157
005610 0.7663 0.1200 0.1137
005620 0.7693 0.1193 0.1113
005630 0.7731 0.1180 0.1089
005640 0.7776 0.1162 0.1062
005650 0.7821 0.1147 0.1032
005660 0.7864 0.1135 0.1001
005670 0.7920 0.1104 0.0975
005680 0.7963 0.1079 0.0958
005690 0.7999 0.1051 0.0950
005700 0.8018 0.1032 0.0950
005710 0.8047 0.1002 0.0952
005720 0.8069 0.0968 0.0963
005730 0.8107 0.0923 0.0971
005740 0.8144 0.0874 0.0982
005750 0.8175 0.0829 0.0996
005760 0.8200 0.0789 0.1010
005770 0.8206 0.0770 0.1024
005780 0.8215 0.0764 0.1021
005790 0.8224 0.0768 0.1008
005800 0.8228 0.0780 0.0992
005810 0.8223 0.0801 0.0976
005820 0.8223 0.0812 0.0964
005830 0.8231 0.0819 0.0950
005840 0.8228 0.0831 0.0941
005850 0.8232 0.0845 0.0923
005860 0.8237 0.0851 0.0912
005870 0.8245 0.0861 0.0894
005880 0.8255 0.0876 0.0869
005890 0.8264 0.0903 0.0832
005900 0.8282 0.0926 0.0792
005910 0.8312 0.0944 0.0744
005920 0.8336 0.0967 0.0696
005930 0.8348 0.0987 0.0665
005940 0.8372 0.0990 0.0638
005950 0.8392 0.0992 0.0616
005960 0.8419 0.0975 0.0606
005970 0.8458 0.0939 0.0603
005980 0.8501 0.0889 0.0610
005990 0.8544 0.0828 0.0628
006000 0.8584 0.0759 0.0657
006010 0.8617 0.0694 0.0689
006020 0.8642 0.0639 0.0719
006030 0.8648 0.0595 0.0757
006040 0.8634 0.0570 0.0797
006050 0.8608 0.0557 0.0835
006060 0.8577 0.0552 0.0871
006070 0.8544 0.0556 0.0901
006080 0.8506 0.0553 0.0941
006090 0.8460 0.0553 0.0987
006100 0.8415 0.0565 0.1021
006110 0.8354 0.0590 0.1056
006120 0.8298 0.0615 0.1086
006130 0.8246 0.0646 0.1107
006140 0.8192 0.0685 0.1123
006150 0.8144 0.0719 0.1137
006160 0.8105 0.0747 0.1148
006170 0.8071 0.0771 0.1158
006180 0.8044 0.0795 0.1161
006190 0.8013 0.0824 0.1163
006200 0.7989 0.0844 0.1167
006210 0.7963 0.0869 0.1168
006220 0.7935 0.0901 0.1163
006230 0.7910 0.0946 0.1144
006240 0.7892 0.0993 0.1115
006250 0.7879 0.1042 0.1079
006260 0.7867 0.1087 0.1046
006270 0.7884 0.1113 0.1003
006280 0.7899 0.1138 0.0962
006290 0.7927 0.1157 0.0917
006300 0.7942 0.1185 0.0873
006310 0.7961 0.1199 0.0840
006320 0.7985 0.1206 0.0809
006330 0.8004 0.1212 0.0784
006340 0.8035 0.1197 0.0769
006350 0.8064 0.1182 0.0754
006360 0.8109 0.1156 0.0735
006370 0.8144 0.1131 0.0725
006380 0.8197 0.1089 0.0715
006390 0.8257 0.1036 0.0707
006400 0.8313 0.0981 0.0706
006410 0.8368 0.0927 0.0705
006420 0.8424 0.0874 0.0702
006430 0.8491 0.0797 0.0712
006440 0.8551 0.0729 0.0720
006450 0.8593 0.0678 0.0729
006460 0.8607 0.0653 0.0739
006470 0.8610 0.0639 0.0751
006480 0.8598 0.0637 0.0764
006490 0.8579 0.0637 0.0784
006500 0.8549 0.0642 0.0809
006510 0.8526 0.0641 0.0833
006520 0.8508 0.0623 0.0869
006530 0.8478 0.0604 0.0917
006540 0.8452 0.0589 0.0959
006550 0.8432 0.0569 0.1000
006560 0.8404 0.0545 0.1051
006570 0.8378 0.0527 0.1095
006580 0.8341 0.0516 0.1143
006590 0.8296 0.0513 0.1191
006600 0.8237 0.0529 0.1234
006610 0.8169 0.0555 0.1276
006620 0.8099 0.0599 0.1302
006630 0.8028 0.0643 0.1329
006640 0.7952 0.0695 0.1353
006650 0.7878 0.0752 0.1370
006660 0.7794 0.0805 0.1401
006670 0.7719 0.0857 0.1424
006680 0.7646 0.0907 0.1447
006690 0.7576 0.0949 0.1475
006700 0.7522 0.0984 0.1494
006710 0.7463 0.1012 0.1525
006720 0.7410 0.1032 0.1558
006730 0.7349 0.1053 0.1598
006740 0.7297 0.1074 0.1629
006750 0.7236 0.1116 0.1648
006760 0.7178 0.1171 0.1651
006770 0.7121 0.1239 0.1639
006780 0.7073 0.1310 0.1616
006790 0.7038 0.1379 0.1582
006800 0.7012 0.1446 0.1542
006810 0.6993 0.1503 0.1504
006820 0.6989 0.1549 0.1462
006830 0.7001 0.1584 0.1416
006840 0.7019 0.1611 0.1370
006850 0.7050 0.1635 0.1315
006860 0.7099 0.1637 0.1263
006870 0.7159 0.1634 0.1207
006880 0.7234 0.1622 0.1144
006890 0.7315 0.1586 0.1099
006900 0.7401 0.1550 0.1049
006910 0.7486 0.1510 0.1004
006920 0.7562 0.1479 0.0959
006930 0.7648 0.1438 0.0914
006940 0.7731 0.1406 0.0864
006950 0.7816 0.1350 0.0834
006960 0.7895 0.1292 0.0812
006970 0.7976 0.1225 0.0799
006980 0.8044 0.1163 0.0793
006990 0.8106 0.1096 0.0798
007000 0.8153 0.1040 0.0808
007010 0.8200 0.0978 0.0821
007020 0.8243 0.0922 0.0835
007030 0.8274 0.0874 0.0852
007040 0.8304 0.0833 0.0863
007050 0.8325 0.0802 0.0873
007060 0.8326 0.0794 0.0880
007070 0.8322 0.0793 0.0886
007080 0.8310 0.0812 0.0878
007090 0.8293 0.0842 0.0864
007100 0.8286 0.0869 0.0845
007110 0.8281 0.0894 0.0825
007120 0.8282 0.0904 0.0814
007130 0.8282 0.0904 0.0814
007140 0.8280 0.0897 0.0823
007150 0.8288 0.0890 0.0822
007160 0.8294 0.0885 0.0821
007170 0.8293 0.0881 0.0826
007180 0.8289 0.0880 0.0831
007190 0.8290 0.0869 0.0841
007200 0.8284 0.0851 0.0865
007210 0.8281 0.0826 0.0893
007220 0.8271 0.0804 0.0925
007230 0.8247 0.0788 0.0966
007240 0.8217 0.0768 0.1015
007250 0.8175 0.0764 0.1061
007260 0.8133 0.0759 0.1108
007270 0.8081 0.0760 0.1159
007280 0.8030 0.0750 0.1220
007290 0.7979 0.0749 0.1272
007300 0.7924 0.0745 0.1330
007310 0.7860 0.0745 0.1394
007320 0.7796 0.0750 0.1454
007330 0.7729 0.0763 0.1508
007340 0.7654 0.0777 0.1568
007350 0.7578 0.0799 0.1623
007360 0.7509 0.0820 0.1670
007370 0.7430 0.0849 0.1721
007380 0.7355 0.0877 0.1768
007390 0.7283 0.0917 0.1800
007400 0.7212 0.0952 0.1835
007410 0.7138 0.0992 0.1870
007420 0.7059 0.1061 0.1880
007430 0.6979 0.1146 0.1875
007440 0.6900 0.1245 0.1855
007450 0.6826 0.1366 0.1807
007460 0.6777 0.1468 0.1755
007470 0.6746 0.1574 0.1680
007480 0.6734 0.1667 0.1599
007490 0.6732 0.1750 0.1518
007500 0.6757 0.1810 0.1432
007510 0.6796 0.1854 0.1350
007520 0.6861 0.1866 0.1273
007530 0.6924 0.1864 0.1212
007540 0.6988 0.1857 0.1155
007550 0.7055 0.1829 0.1116
007560 0.7137 0.1794 0.1069
007570 0.7227 0.1747 0.1026
007580 0.7321 0.1687 0.0991
007590 0.7409 0.1613 0.0978
007600 0.7486 0.1541 0.0973
007610 0.7557 0.1453 0.0990
007620 0.7624 0.1355 0.1021
007630 0.7700 0.1241 0.1059
007640 0.7755 0.1136 0.1109
007650 0.7806 0.1038 0.1155
007660 0.7864 0.0947 0.1189
007670 0.7902 0.0876 0.1222
007680 0.7928 0.0817 0.1255
007690 0.7939 0.0785 0.1275
007700 0.7933 0.0780 0.1287
007710 0.7909 0.0791 0.1301
007720 0.7896 0.0815 0.1289
007730 0.7889 0.0855 0.1256
007740 0.7876 0.0900 0.1223
007750 0.7877 0.0937 0.1185
007760 0.7887 0.0971 0.1142
007770 0.7908 0.0996 0.1096
007780 0.7937 0.1017 0.1045
007790 0.7968 0.1029 0.1003
007800 0.8003 0.1036 0.0961
007810 0.8034 0.1041 0.0925
007820 0.8079 0.1027 0.0894
007830 0.8120 0.1001 0.0879
007840 0.8160 0.0973 0.0867
007850 0.8201 0.0946 0.0853
007860 0.8237 0.0912 0.0851
007870 0.8268 0.0879 0.0853
007880 0.8296 0.0848 0.0856
007890 0.8320 0.0811 0.0870
007900 0.8339 0.0772 0.0889
007910 0.8326 0.0750 0.0924
007920 0.8308 0.0730 0.0962
007930 0.8287 0.0705 0.1008
007940 0.8260 0.0692 0.1048
007950 0.8231 0.0677 0.1092
007960 0.8196 0.0671 0.1133
007970 0.8156 0.0672 0.1173
007980 0.8101 0.0692 0.1206
007990 0.8034 0.0727 0.1239
008000 0.7967 0.0757 0.1275
008010 0.7899 0.0785 0.1316
008020 0.7828 0.0814 0.1358
008030 0.7765 0.0844 0.1392
008040 0.7710 0.0867 0.1423
008050 0.7651 0.0898 0.1451
008060 0.7601 0.0923 0.1476
008070 0.7545 0.0956 0.1499
008080 0.7501 0.0982 0.1517
008090 0.7463 0.0996 0.1541
008100 0.7427 0.1023 0.1550
008110 0.7386 0.1066 0.1549
008120 0.7361 0.1094 0.1545
008130 0.7332 0.1123 0.1545
008140 0.7292 0.1164 0.1544
008150 0.7254 0.1198 0.1548
008160 0.7228 0.1223 0.1548
008170 0.7196 0.1251 0.1553
008180 0.7157 0.1293 0.1550
008190 0.7121 0.1354 0.1525
008200 0.7095 0.1409 0.1496
008210 0.7087 0.1448 0.1465
008220 0.7099 0.1470 0.1431
008230 0.7123 0.1483 0.1394
008240 0.7169 0.1480 0.1351
008250 0.7225 0.1471 0.1303
008260 0.7287 0.1460 0.1253
008270 0.7365 0.1436 0.1198
008280 0.7437 0.1421 0.1143
008290 0.7510 0.1413 0.1077
008300 0.7586 0.1402 0.1012
008310 0.7662 0.1390 0.0949
008320 0.7744 0.1362 0.0893
008330 0.7820 0.1331 0.0849
008340 0.7885 0.1301 0.0814
008350 0.7930 0.1272 0.0798
008360 0.7977 0.1236 0.0786
008370 0.8019 0.1205 0.0776
008380 0.8055 0.1173 0.0772
008390 0.8091 0.1132 0.0777
008400 0.8121 0.1081 0.0798
008410 0.8151 0.1019 0.0831
008420 0.8177 0.0962 0.0861
008430 0.8197 0.0913 0.0890
008440 0.8215 0.0863 0.0922
008450 0.8231 0.0799 0.0970
008460 0.8230 0.0748 0.1022
008470 0.8209 0.0721 0.1070
008480 0.8183 0.0692 0.1125
008490 0.8142 0.0671 0.1187
008500 0.8105 0.0645 0.1250
008510 0.8064 0.0625 0.1310
008520 0.8020 0.0620 0.1360
008530 0.7978 0.0619 0.1402
008540 0.7928 0.0629 0.1443
008550 0.7878 0.0642 0.1481
008560 0.7817 0.0674 0.1509
008570 0.7759 0.0696 0.1545
008580 0.7702 0.0723 0.1575
008590 0.7645 0.0746 0.1609
008600 0.7592 0.0784 0.1625
008610 0.7542 0.0820 0.1638
008620 0.7497 0.0855 0.1648
008630 0.7434 0.0915 0.1651
008640 0.7372 0.0982 0.1646
008650 0.7301 0.1056 0.1642
008660 0.7230 0.1148 0.1622
008670 0.7164 0.1243 0.1592
008680 0.7096 0.1327 0.1577
008690 0.7035 0.1413 0.1552
008700 0.6988 0.1483 0.1529
008710 0.6955 0.1544 0.1500
008720 0.6927 0.1591 0.1482
008730 0.6912 0.1634 0.1454
008740 0.6900 0.1680 0.1420
008750 0.6915 0.1707 0.1379
008760 0.6946 0.1730 0.1324
008770 0.6982 0.1754 0.1264
008780 0.7034 0.1762 0.1205
008790 0.7098 0.1758 0.1145
008800 0.7184 0.1735 0.1081
008810 0.7274 0.1709 0.1016
008820 0.7381 0.1667 0.0952
008830 0.7488 0.1614 0.0898
008840 0.7593 0.1565 0.0842
008850 0.7716 0.1500 0.0784
008860 0.7837 0.1432 0.0731
008870 0.7954 0.1350 0.0696
008880 0.8063 0.1254 0.0683
008890 0.8162 0.1153 0.0685
008900 0.8238 0.1052 0.0710
008910 0.8301 0.0962 0.0737
008920 0.8354 0.0875 0.0772
008930 0.8395 0.0794 0.0811
008940 0.8430 0.0717 0.0852
008950 0.8447 0.0660 0.0893
008960 0.8439 0.0635 0.0925
008970 0.8412 0.0622 0.0966
008980 0.8376 0.0614 0.1010
008990 0.8308 0.0612 0.1079
009000 0.8232 0.0624 0.1144
009010 0.8144 0.0639 0.1217
009020 0.8066 0.0644 0.1290
009030 0.7993 0.0646 0.1361
009040 0.7930 0.0632 0.1438
009050 0.7870 0.0616 0.1514
009060 0.7810 0.0610 0.1579
009070 0.7747 0.0613 0.1640
009080 0.7675 0.0622 0.1703
009090 0.7600 0.0632 0.1767
009100 0.7514 0.0663 0.1823
009110 0.7438 0.0690 0.1872
009120 0.7349 0.0727 0.1924
009130 0.7250 0.0776 0.1974
009140 0.7141 0.0833 0.2026
009150 0.7034 0.0907 0.2058
009160 0.6929 0.0987 0.2084
009170 0.6832 0.1068 0.2100
009180 0.6732 0.1149 0.2119
009190 0.6640 0.1233 0.2127
009200 0.6559 0.1320 0.2121
009210 0.6487 0.1414 0.2099
009220 0.6430 0.1495 0.2075
009230 0.6377 0.1565 0.2059
009240 0.6344 0.1632 0.2023
009250 0.6309 0.1707 0.1983
009260 0.6297 0.1771 0.1932
009270 0.6292 0.1832 0.1876
009280 0.6306 0.1868 0.1826
009290 0.6342 0.1884 0.1774
009300 0.6395 0.1879 0.1726
009310 0.6462 0.1852 0.1686
009320 0.6539 0.1815 0.1646
009330 0.6626 0.1792 0.1582
009340 0.6718 0.1770 0.1512
009350 0.6822 0.1734 0.1444
009360 0.6924 0.1698 0.1378
009370 0.7030 0.1659 0.1311
009380 0.7133 0.1625 0.1242
009390 0.7239 0.1587 0.1174
009400 0.7350 0.1544 0.1105
009410 0.7465 0.1502 0.1032
009420 0.7573 0.1457 0.0970
009430 0.7681 0.1408 0.0911
009440 0.7776 0.1368 0.0857
009450 0.7868 0.1323 0.0809
009460 0.7960 0.1280 0.0760
009470 0.8036 0.1222 0.0742
009480 0.8099 0.1161 0.0740
009490 0.8157 0.1097 0.0746
009500 0.8212 0.1022 0.0766
009510 0.8276 0.0939 0.0785
009520 0.8338 0.0860 0.0802
009530 0.8392 0.0789 0.0819
009540 0.8445 0.0727 0.0828
009550 0.8495 0.0671 0.0834
009560 0.8533 0.0622 0.0844
009570 0.8551 0.0592 0.0857
009580 0.8552 0.0572 0.0877
009590 0.8530 0.0564 0.0906
009600 0.8494 0.0569 0.0937
009610 0.8452 0.0580 0.0968
009620 0.8398 0.0599 0.1004
009630 0.8344 0.0618 0.1038
009640 0.8294 0.0639 0.1067
009650 0.8241 0.0668 0.1091
009660 0.8190 0.0704 0.1105
009670 0.8138 0.0745 0.1117
009680 0.8097 0.0782 0.1121
009690 0.8051 0.0826 0.1124
009700 0.8021 0.0862 0.1117
009710 0.7993 0.0896 0.1110
009720 0.7976 0.0926 0.1097
009730 0.7977 0.0949 0.1074
009740 0.7991 0.0970 0.1040
009750 0.8015 0.0978 0.1008
009760 0.8041 0.0987 0.0972
009770 0.8080 0.0985 0.0935
009780 0.8128 0.0979 0.0893
009790 0.8175 0.0966 0.0859
009800 0.8227 0.0952 0.0820
009810 0.8276 0.0934 0.0790
009820 0.8325 0.0909 0.0767
009830 0.8371 0.0871 0.0757
009840 0.8407 0.0835 0.0758
009850 0.8430 0.0800 0.0770
009860 0.8444 0.0770 0.0786
009870 0.8460 0.0735 0.0804
009880 0.8467 0.0703 0.0830
009890 0.8461 0.0679 0.0860
009900 0.8442 0.0658 0.0900
009910 0.8421 0.0633 0.0946
009920 0.8394 0.0612 0.0994
009930 0.8360 0.0598 0.1042
009940 0.8324 0.0583 0.1092
009950 0.8283 0.0579 0.1137
009960 0.8233 0.0594 0.1173
009970 0.8170 0.0617 0.1213
009980 0.8112 0.0638 0.1250
009990 0.8047 0.0666 0.1287
010000 0.7980 0.0699 0.1321
010010 0.7900 0.0728 0.1372
010020 0.7815 0.0762 0.1423
010030 0.7728 0.0807 0.1465
010040 0.7655 0.0855 0.1490
010050 0.7594 0.0901 0.1505
010060 0.7544 0.0954 0.1502
010070 0.7498 0.1000 0.1502
010080 0.7452 0.1048 0.1500
010090 0.7422 0.1089 0.1488
010100 0.7422 0.1089 0.1488
010110 0.7422 0.1089 0.1488
010120 0.7422 0.1089 0.1488
010130 0.7422 0.1089 0.1488
010140 0.7422 0.1089 0.1488
010150 0.7422 0.1089 0.1488
010160 0.7422 0.1089 0.1488
010170 0.7422 0.1089 0.1488
010180 0.7422 0.1089 0.1488
010190 0.7422 0.1089 0.1488
010200 0.7422 0.1089 0.1488
010210 0.7422 0.1089 0.1488
010220 0.7422 0.1089 0.1488
010230 0.7422 0.1089 0.1488
010240 0.7422 0.1089 0.1488
010250 0.7422 0.1089 0.1488
010260 0.7422 0.1089 0.1488
010270 0.7422 0.1089 0.1488
010280 0.7422 0.1089 0.1488
010290 0.7422 0.1089 0.1488
010300 0.7422 0.1089 0.1488
010310 0.7422 0.1089 0.1488
010320 0.7422 0.1089 0.1488
010330 0.7422 0.1089 0.1488
010340 0.7422 0.1089 0.1488
010350 0.7422 0.1089 0.1488
010360 0.7422 0.1089 0.1488
010370 0.7422 0.1089 0.1488
010380 0.7422 0.1089 0.1488
010390 0.7422 0.1089 0.1488
010400 0.7422 0.1089 0.1488
010410 0.7422 0.1089 0.1488
010420 0.7422 0.1089 0.1488
010430 0.7422 0.1089 0.1488
010440 0.7422 0.1089 0.1488
010450 0.7422 0.1089 0.1488
010460 0.7422 0.1089 0.1488
010470 0.7422 0.1089 0.1488
010480 0.7422 0.1089 0.1488
010490 0.7422 0.1089 0.1488
010500 0.7422 0.1089 0.1488
010510 0.7422 0.1089 0.1488
010520 0.7422 0.1089 0.1488
010530 0.7422 0.1089 0.1488
010540 0.7422 0.1089 0.1488
010550 0.7422 0.1089 0.1488
010560 0.7422 0.1089 0.1488
010570 0.7422 0.1089 0.1488
010580 0.7422 0.1089 0.1488
010590 0.7422 0.1089 0.1488
010600 0.7422 0.1089 0.1488
010610 0.7422 0.1089 0.1488
010620 0.7422 0.1089 0.1488
010630 0.7422 0.1089 0.1488
010640 0.7422 0.1089 0.1488
010650 0.7422 0.1089 0.1488
010660 0.7422 0.1089 0.1488
010670 0.7422 0.1089 0.1488
010680 0.7422 0.1089 0.1488
010690 0.7422 0.1089 0.1488
010700 0.7422 0.1089 0.1488
010710 0.7422 0.1089 0.1488
010720 0.7422 0.1089 0.1488
010730 0.7422 0.1089 0.1488
010740 0.7422 0.1089 0.1488
010750 0.7422 0.1089 0.1488
010760 0.7422 0.1089 0.1488
010770 0.7422 0.1089 0.1488
010780 0.7422 0.1089 0.1488
010790 0.7422 0.1089 0.1488
010800 0.7422 0.1089 0.1488
010810 0.7422 0.1089 0.1488
010820 0.7422 0.1089 0.1488
010830 0.7422 0.1089 0.1488
010840 0.7422 0.1089 0.1488
010850 0.7422 0.1089 0.1488
010860 0.7422 0.1089 0.1488
010870 0.7422 0.1089 0.1488
010880 0.7422 0.1089 0.1488
010890 0.7422 0.1089 0.1488
010900 0.7422 0.1089 0.1488
010910 0.7422 0.1089 0.1488
010920 0.7422 0.1089 0.1488
010930 0.7422 0.1089 0.1488
010940 0.7422 0.1089 0.1488
010950 0.7422 0.1089 0.1488
010960 0.7422 0.1089 0.1488
010970 0.7422 0.1089 0.1488
010980 0.7422 0.1089 0.1488
010990 0.7422 0.1089 0.1488
011000 0.7422 0.1089 0.1488
011010 0.7422 0.1089 0.1488
011020 0.7422 0.1089 0.1488
011030 0.7422 0.1089 0.1488
011040 0.7422 0.1089 0.1488
011050 0.7422 0.1089 0.1488
011060 0.7422 0.1089 0.1488
011070 0.7422 0.1089 0.1488
011080 0.7422 0.1089 0.1488
011090 0.7422 0.1089 0.1488
011100 0.7422 0.1089 0.1488
011110 0.7422 0.1089 0.1488
011120 0.7422 0.1089 0.1488
011130 0.7422 0.1089 0.1488
011140 0.7422 0.1089 0.1488
011150 0.7422 0.1089 0.1488
011160 0.7422 0.1089 0.1488
011170 0.7422 0.1089 0.1488
011180 0.7422 0.1089 0.1488
011190 0.7422 0.1089 0.1488
011200 0.7422 0.1089 0.1488
011210 0.7422 0.1089 0.1488
011220 0.7422 0.1089 0.1488
011230 0.7422 0.1089 0.1488
011240 0.7422 0.1089 0.1488
011250 0.7422 0.1089 0.1488
011260 0.7422 0.1089 0.1488
011270 0.7422 0.1089 0.1488
011280 0.7422 0.1089 0.1488
011290 0.7422 0.1089 0.1488
011300 0.7422 0.1089 0.1488
011310 0.7422 0.1089 0.1488
011320 0.7422 0.1089 0.1488
011330 0.7422 0.1089 0.1488
011340 0.7422 0.1089 0.1488
011350 0.7422 0.1089 0.1488
011360 0.7422 0.1089 0.1488
011370 0.7422 0.1089 0.1488
011380 0.7422 0.1089 0.1488
011390 0.7422 0.1089 0.1488
011400 0.7422 0.1089 0.1488
011410 0.7422 0.1089 0.1488
011420 0.7422 0.1089 0.1488
011430 0.7422 0.1089 0.1488
011440 0.7422 0.1089 0.1488
011450 0.7422 0.1089 0.1488
011460 0.7422 0.1089 0.1488
011470 0.7422 0.1089 0.1488
011480 0.7422 0.1089 0.1488
011490 0.7422 0.1089 0.1488
011500 0.7422 0.1089 0.1488
011510 0.7422 0.1089 0.1488
011520 0.7422 0.1089 0.1488
011530 0.7422 0.1089 0.1488
011540 0.7422 0.1089 0.1488
011550 0.7422 0.1089 0.1488
011560 0.7422 0.1089 0.1488
011570 0.7422 0.1089 0.1488
011580 0.7422 0.1089 0.1488
011590 0.7422 0.1089 0.1488
011600 0.7422 0.1089 0.1488
011610 0.7422 0.1089 0.1488
011620 0.7422 0.1089 0.1488
011630 0.7422 0.1089 0.1488
011640 0.7422 0.1089 0.1488
011650 0.7422 0.1089 0.1488
011660 0.7422 0.1089 0.1488
011670 0.7422 0.1089 0.1488
011680 0.7422 0.1089 0.1488
011690 0.7422 0.1089 0.1488
011700 0.7422 0.1089 0.1488
011710 0.7422 0.1089 0.1488
011720 0.7422 0.1089 0.1488
011730 0.7422 0.1089 0.1488
011740 0.7422 0.1089 0.1488
011750 0.7422 0.1089 0.1488
011760 0.7422 0.1089 0.1488
011770 0.7422 0.1089 0.1488
011780 0.7422 0.1089 0.1488
011790 0.7422 0.1089 0.1488
011800 0.7422 0.1089 0.1488
011810 0.7422 0.1089 0.1488
011820 0.7422 0.1089 0.1488
011830 0.7422 0.1089 0.1488
011840 0.7422 0.1089 0.1488
011850 0.7422 0.1089 0.1488
011860 0.7422 0.1089 0.1488
011870 0.7422 0.1089 0.1488
011880 0.7422 0.1089 0.1488
011890 0.7422 0.1089 0.1488
011900 0.7422 0.1089 0.1488
011910 0.7422 0.1089 0.1488
011920 0.7422 0.1089 0.1488
011930 0.7422 0.1089 0.1488
011940 0.7422 0.1089 0.1488
011950 0.7422 0.1089 0.1488
011960 0.7422 0.1089 0.1488
011970 0.7422 0.1089 0.1488
011980 0.7422 0.1089 0.1488
011990 0.7422 0.1089 0.1488
012000 0.7422 0.1089 0.1488
012010 0.7422 0.1089 0.1488
012020 0.7422 0.1089 0.1488
012030 0.7422 0.1089 0.1488
012040 0.7422 0.1089 0.1488
012050 0.7422 0.1089 0.1488
012060 0.7422 0.1089 0.1488
012070 0.7422 0.1089 0.1488
012080 0.7422 0.1089 0.1488
012090 0.7422 0.1089 0.1488
012100 0.7422 0.1089 0.1488
012110 0.7422 0.1089 0.1488
012120 0.7422 0.1089 0.1488
012130 0.7422 0.1089 0.1488
012140 0.7422 0.1089 0.1488
012150 0.7422 0.1089 0.1488
012160 0.7422 0.1089 0.1488
012170 0.7422 0.1089 0.1488
012180 0.7422 0.1089 0.1488
012190 0.7422 0.1089 0.1488
012200 0.7422 0.1089 0.1488
012210 0.7422 0.1089 0.1488
012220 0.7422 0.1089 0.1488
012230 0.7422 0.1089 0.1488
012240 0.7422 0.1089 0.1488
012250 0.7422 0.1089 0.1488
012260 0.7422 0.1089 0.1488
012270 0.7422 0.1089 0.1488
012280 0.7422 0.1089 0.1488
012290 0.7422 0.1089 0.1488
012300 0.7422 0.1089 0.1488
012310 0.7422 0.1089 0.1488
012320 0.7422 0.1089 0.1488
012330 0.7422 0.1089 0.1488
012340 0.7422 0.1089 0.1488
012350 0.7422 0.1089 0.1488
012360 0.7422 0.1089 0.1488
012370 0.7422 0.1089 0.1488
012380 0.7422 0.1089 0.1488
012390 0.7422 0.1089 0.1488
012400 0.7422 0.1089 0.1488
012410 0.7422 0.1089 0.1488
012420 0.7422 0.1089 0.1488
012430 0.7422 0.1089 0.1488
012440 0.7422 0.1089 0.1488
012450 0.7422 0.1089 0.1488
012460 0.7422 0.1089 0.1488
012470 0.7422 0.1089 0.1488
012480 0.7422 0.1089 0.1488
012490 0.7422 0.1089 0.1488
012500 0.7422 0.1089 0.1488
012510 0.7422 0.1089 0.1488
012520 0.7422 0.1089 0.1488
012530 0.7422 0.1089 0.1488
012540 0.7422 0.1089 0.1488
012550 0.7422 0.1089 0.1488
012560 0.7422 0.1089 0.1488
012570 0.7422 0.1089 0.1488
012580 0.7422 0.1089 0.1488
012590 0.7422 0.1089 0.1488
012600 0.7422 0.1089 0.1488
012610 0.7422 0.1089 0.1488
012620 0.7422 0.1089 0.1488
012630 0.7422 0.1089 0.1488
012640 0.7422 0.1089 0.1488
012650 0.7422 0.1089 0.1488
012660 0.7422 0.1089 0.1488
012670 0.7422 0.1089 0.1488
012680 0.7422 0.1089 0.1488
012690 0.7422 0.1089 0.1488
012700 0.7422 0.1089 0.1488
012710 0.7422 0.1089 0.1488
012720 0.7422 0.1089 0.1488
012730 0.7422 0.1089 0.1488
012740 0.7422 0.1089 0.1488
012750 0.7422 0.1089 0.1488
012760 0.7422 0.1089 0.1488
012770 0.7422 0.1089 0.1488
012780 0.7422 0.1089 0.1488
012790 0.7422 0.1089 0.1488
012800 0.7422 0.1089 0.1488
012810 0.7422 0.1089 0.1488
012820 0.7422 0.1089 0.1488
012830 0.7422 0.1089 0.1488
012840 0.7422 0.1089 0.1488
012850 0.7422 0.1089 0.1488
012860 0.7422 0.1089 0.1488
012870 0.7422 0.1089 0.1488
012880 0.7422 0.1089 0.1488
012890 0.7422 0.1089 0.1488
012900 0.7422 0.1089 0.1488
012910 0.7422 0.1089 0.1488
012920 0.7422 0.1089 0.1488
012930 0.7422 0.1089 0.1488
012940 0.7422 0.1089 0.1488
012950 0.7422 0.1089 0.1488
012960 0.7422 0.1089 0.1488
012970 0.7422 0.1089 0.1488
012980 0.7422 0.1089 0.1488
012990 0.7422 0.1089 0.1488
013000 0.7422 0.1089 0.1488
013010 0.7422 0.1089 0.1488
013020 0.7422 0.1089 0.1488
013030 0.7422 0.1089 0.1488
013040 0.7422 0.1089 0.1488
013050 0.7422 0.1089 0.1488
013060 0.7422 0.1089 0.1488
013070 0.7422 0.1089 0.1488
013080 0.7422 0.1089 0.1488
013090 0.7422 0.1089 0.1488
013100 0.7422 0.1089 0.1488
013110 0.7422 0.1089 0.1488
013120 0.7422 0.1089 0.1488
013130 0.7422 0.1089 0.1488
013140 0.7422 0.1089 0.1488
013150 0.7422 0.1089 0.1488
013160 0.7422 0.1089 0.1488
013170 0.7422 0.1089 0.1488
013180 0.7422 0.1089 0.1488
013190 0.7422 0.1089 0.1488
013200 0.7422 0.1089 0.1488
013210 0.7422 0.1089 0.1488
013220 0.7422 0.1089 0.1488
013230 0.7422 0.1089 0.1488
013240 0.7422 0.1089 0.1488
013250 0.7422 0.1089 0.1488
013260 0.7422 0.1089 0.1488
013270 0.7422 0.1089 0.1488
013280 0.7422 0.1089 0.1488
013290 0.7422 0.1089 0.1488
013300 0.7422 0.1089 0.1488
013310 0.7422 0.1089 0.1488
013320 0.7422 0.1089 0.1488
013330 0.7422 0.1089 0.1488
013340 0.7422 0.1089 0.1488
013350 0.7422 0.1089 0.1488
013360 0.7422 0.1089 0.1488
013370 0.7422 0.1089 0.1488
013380 0.7422 0.1089 0.1488
013390 0.7422 0.1089 0.1488
013400 0.7422 0.1089 0.1488
013410 0.7422 0.1089 0.1488
013420 0.7422 0.1089 0.1488
013430 0.7422 0.1089 0.1488
013440 0.7422 0.1089 0.1488
013450 0.7422 0.1089 0.1488
013460 0.7422 0.1089 0.1488
013470 0.7422 0.1089 0.1488
013480 0.7422 0.1089 0.1488
013490 0.7422 0.1089 0.1488
013500 0.7422 0.1089 0.1488
013510 0.7422 0.1089 0.1488
013520 0.7422 0.1089 0.1488
013530 0.7422 0.1089 0.1488
013540 0.7422 0.1089 0.1488
013550 0.7422 0.1089 0.1488
013560 0.7422 0.1089 0.1488
013570 0.7422 0.1089 0.1488
013580 0.7422 0.1089 0.1488
013590 0.7422 0.1089 0.1488
013600 0.7422 0.1089 0.1488
013610 0.7422 0.1089 0.1488
013620 0.7422 0.1089 0.1488
013630 0.7422 0.1089 0.1488
013640 0.7422 0.1089 0.1488
013650 0.7422 0.1089 0.1488
013660 0.7422 0.1089 0.1488
013670 0.7422 0.1089 0.1488
013680 0.7422 0.1089 0.1488
013690 0.7422 0.1089 0.1488
013700 0.7422 0.1089 0.1488
013710 0.7422 0.1089 0.1488
013720 0.7422 0.1089 0.1488
013730 0.7422 0.1089 0.1488
013740 0.7422 0.1089 0.1488
013750 0.7422 0.1089 0.1488
013760 0.7422 0.1089 0.1488
013770 0.7422 0.1089 0.1488
013780 0.7422 0.1089 0.1488
013790 0.7422 0.1089 0.1488
013800 0.7422 0.1089 0.1488
013810 0.7422 0.1089 0.1488
013820 0.7422 0.1089 0.1488
013830 0.7422 0.1089 0.1488
013840 0.7422 0.1089 0.1488
013850 0.7422 0.1089 0.1488
013860 0.7422 0.1089 0.1488
013870 0.7422 0.1089 0.1488
013880 0.7422 0.1089 0.1488
013890 0.7422 0.1089 0.1488
013900 0.7422 0.1089 0.1488
013910 0.7422 0.1089 0.1488
013920 0.7422 0.1089 0.1488
013930 0.7422 0.1089 0.1488
013940 0.7422 0.1089 0.1488
013950 0.7422 0.1089 0.1488
013960 0.7422 0.1089 0.1488
013970 0.7422 0.1089 0.1488
013980 0.7422 0.1089 0.1488
013990 0.7422 0.1089 0.1488
014000 0.7422 0.1089 0.1488
014010 0.7422 0.1089 0.1488
014020 0.7422 0.1089 0.1488
014030 0.7422 0.1089 0.1488
014040 0.7422 0.1089 0.1488
014050 0.7422 0.1089 0.1488
014060 0.7422 0.1089 0.1488
014070 0.7422 0.1089 0.1488
014080 0.7422 0.1089 0.1488
014090 0.7422 0.1089 0.1488
014100 0.7422 0.1089 0.1488
014110 0.7422 0.1089 0.1488
014120 0.7422 0.1089 0.1488
014130 0.7422 0.1089 0.1488
014140 0.7422 0.1089 0.1488
014150 0.7422 0.1089 0.1488
014160 0.7422 0.1089 0.1488
014170 0.7422 0.1089 0.1488
014180 0.7422 0.1089 0.1488
014190 0.7422 0.1089 0.1488
014200 0.7422 0.1089 0.1488
014210 0.7422 0.1089 0.1488
014220 0.7422 0.1089 0.1488
014230 0.7422 0.1089 0.1488
014240 0.7422 0.1089 0.1488
014250 0.7422 0.1089 0.1488
014260 0.7422 0.1089 0.1488
014270 0.7422 0.1089 0.1488
