000000 0.3333 0.3326 0.3341
000010 0.3334 0.3344 0.3322
000020 0.3357 0.3363 0.3281
000030 0.3391 0.3386 0.3224
000040 0.3441 0.3409 0.3150
000050 0.3508 0.3446 0.3046
000060 0.3586 0.3504 0.2909
000070 0.3690 0.3578 0.2732
000080 0.3818 0.3668 0.2515
000090 0.3974 0.3773 0.2252
000100 0.4175 0.3848 0.1978
000110 0.4399 0.3902 0.1699
000120 0.4672 0.3893 0.1435
000130 0.4970 0.3846 0.1183
000140 0.5284 0.3767 0.0949
000150 0.5613 0.3642 0.0744
000160 0.5953 0.3476 0.0571
000170 0.6293 0.3285 0.0423
000180 0.6615 0.3071 0.0314
000190 0.6934 0.2823 0.0243
000200 0.7235 0.2573 0.0192
000210 0.7524 0.2321 0.0154
000220 0.7793 0.2076 0.0131
000230 0.8046 0.1841 0.0113
000240 0.8278 0.1622 0.0100
000250 0.8499 0.1412 0.0089
000260 0.8709 0.1211 0.0080
000270 0.8894 0.1033 0.0072
000280 0.9052 0.0880 0.0068
000290 0.9199 0.0739 0.0062
000300 0.9339 0.0601 0.0060
000310 0.9468 0.0470 0.0062
000320 0.9570 0.0366 0.0064
000330 0.9659 0.0274 0.0068
000340 0.9729 0.0197 0.0074
000350 0.9780 0.0140 0.0080
000360 0.9810 0.0098 0.0093
000370 0.9817 0.0074 0.0109
000380 0.9808 0.0064 0.0128
000390 0.9786 0.0064 0.0150
000400 0.9764 0.0062 0.0174
000410 0.9745 0.0054 0.0201
000420 0.9727 0.0049 0.0224
000430 0.9703 0.0050 0.0247
000440 0.9672 0.0049 0.0279
000450 0.9639 0.0052 0.0309
000460 0.9611 0.0054 0.0336
000470 0.9580 0.0059 0.0361
000480 0.9544 0.0069 0.0387
000490 0.9510 0.0083 0.0407
000500 0.9476 0.0097 0.0427
000510 0.9454 0.0105 0.0442
000520 0.9434 0.0106 0.0460
000530 0.9411 0.0113 0.0476
000540 0.9381 0.0120 0.0499
000550 0.9348 0.0130 0.0522
000560 0.9308 0.0146 0.0546
000570 0.9263 0.0164 0.0573
000580 0.9225 0.0182 0.0592
000590 0.9188 0.0196 0.0615
000600 0.9150 0.0212 0.0638
000610 0.9113 0.0222 0.0665
000620 0.9079 0.0227 0.0694
000630 0.9042 0.0243 0.0715
000640 0.9001 0.0272 0.0727
000650 0.8963 0.0297 0.0740
000660 0.8925 0.0327 0.0747
000670 0.8896 0.0352 0.0752
000680 0.8866 0.0380 0.0754
000690 0.8834 0.0402 0.0764
000700 0.8807 0.0411 0.0782
000710 0.8776 0.0423 0.0801
000720 0.8743 0.0433 0.0824
000730 0.8709 0.0445 0.0846
000740 0.8681 0.0454 0.0866
000750 0.8648 0.0468 0.0884
000760 0.8624 0.0486 0.0891
000770 0.8607 0.0498 0.0895
000780 0.8591 0.0511 0.0898
000790 0.8570 0.0539 0.0891
000800 0.8556 0.0565 0.0879
000810 0.8556 0.0585 0.0859
000820 0.8566 0.0589 0.0845
000830 0.8576 0.0595 0.0829
000840 0.8582 0.0601 0.0817
000850 0.8586 0.0615 0.0799
000860 0.8599 0.0626 0.0775
000870 0.8601 0.0643 0.0757
000880 0.8607 0.0646 0.0748
000890 0.8605 0.0645 0.0749
000900 0.8592 0.0636 0.0771
000910 0.8574 0.0615 0.0811
000920 0.8551 0.0589 0.0860
000930 0.8516 0.0565 0.0920
000940 0.8478 0.0537 0.0984
000950 0.8430 0.0522 0.1048
000960 0.8385 0.0516 0.1098
000970 0.8344 0.0500 0.1155
000980 0.8304 0.0488 0.1207
000990 0.8248 0.0493 0.1259
001000 0.8192 0.0503 0.1306
001010 0.8140 0.0523 0.1338
001020 0.8080 0.0563 0.1357
001030 0.8022 0.0619 0.1359
001040 0.7971 0.0682 0.1347
001050 0.7925 0.0737 0.1338
001060 0.7894 0.0776 0.1330
001070 0.7886 0.0797 0.1317
001080 0.7895 0.0796 0.1309
001090 0.7919 0.0785 0.1296
001100 0.7932 0.0783 0.1285
001110 0.7949 0.0794 0.1256
001120 0.7967 0.0803 0.1230
001130 0.7984 0.0808 0.1208
001140 0.7996 0.0820 0.1184
001150 0.8002 0.0830 0.1168
001160 0.8005 0.0834 0.1161
001170 0.7999 0.0837 0.1164
001180 0.7994 0.0841 0.1165
001190 0.7994 0.0826 0.1181
001200 0.8011 0.0784 0.1205
001210 0.8008 0.0766 0.1226
001220 0.8018 0.0732 0.1249
001230 0.8010 0.0701 0.1289
001240 0.7997 0.0665 0.1338
001250 0.7974 0.0636 0.1389
001260 0.7922 0.0624 0.1454
001270 0.7859 0.0637 0.1504
001280 0.7772 0.0674 0.1555
001290 0.7687 0.0716 0.1597
001300 0.7609 0.0753 0.1639
001310 0.7541 0.0775 0.1684
001320 0.7483 0.0800 0.1717
001330 0.7439 0.0818 0.1743
001340 0.7378 0.0845 0.1778
001350 0.7326 0.0865 0.1809
001360 0.7275 0.0879 0.1846
001370 0.7230 0.0904 0.1866
001380 0.7181 0.0932 0.1887
001390 0.7120 0.0959 0.1921
001400 0.7060 0.0994 0.1946
001410 0.7012 0.1017 0.1971
001420 0.6952 0.1058 0.1991
001430 0.6903 0.1095 0.2002
001440 0.6883 0.1130 0.1988
001450 0.6871 0.1160 0.1969
001460 0.6845 0.1207 0.1949
001470 0.6819 0.1252 0.1929
001480 0.6814 0.1277 0.1909
001490 0.6837 0.1269 0.1894
001500 0.6866 0.1247 0.1888
001510 0.6912 0.1196 0.1892
001520 0.6949 0.1161 0.1890
001530 0.6987 0.1138 0.1875
001540 0.7021 0.1129 0.1850
001550 0.7063 0.1131 0.1806
001560 0.7094 0.1141 0.1765
001570 0.7127 0.1154 0.1719
001580 0.7154 0.1182 0.1664
001590 0.7186 0.1193 0.1621
001600 0.7212 0.1205 0.1583
001610 0.7224 0.1202 0.1573
001620 0.7236 0.1190 0.1574
001630 0.7265 0.1162 0.1573
001640 0.7289 0.1143 0.1569
001650 0.7301 0.1149 0.1550
001660 0.7332 0.1125 0.1543
001670 0.7371 0.1078 0.1551
001680 0.7411 0.1018 0.1570
001690 0.7436 0.0969 0.1596
001700 0.7446 0.0910 0.1644
001710 0.7434 0.0876 0.1690
001720 0.7419 0.0844 0.1737
001730 0.7393 0.0836 0.1770
001740 0.7356 0.0846 0.1798
001750 0.7316 0.0861 0.1822
001760 0.7308 0.0869 0.1823
001770 0.7295 0.0870 0.1835
001780 0.7276 0.0892 0.1832
001790 0.7255 0.0915 0.1830
001800 0.7222 0.0950 0.1828
001810 0.7193 0.0983 0.1824
001820 0.7173 0.1032 0.1796
001830 0.7165 0.1087 0.1748
001840 0.7162 0.1127 0.1711
001850 0.7183 0.1134 0.1683
001860 0.7231 0.1111 0.1658
001870 0.7280 0.1072 0.1649
001880 0.7324 0.1034 0.1642
001890 0.7351 0.1019 0.1630
001900 0.7359 0.1016 0.1625
001910 0.7361 0.1033 0.1607
001920 0.7360 0.1046 0.1594
001930 0.7366 0.1051 0.1583
001940 0.7364 0.1049 0.1588
001950 0.7371 0.1047 0.1582
001960 0.7368 0.1051 0.1581
001970 0.7343 0.1061 0.1596
001980 0.7318 0.1073 0.1608
001990 0.7286 0.1089 0.1625
002000 0.7261 0.1097 0.1642
002010 0.7253 0.1116 0.1631
002020 0.7256 0.1111 0.1633
002030 0.7270 0.1089 0.1641
002040 0.7287 0.1059 0.1654
002050 0.7318 0.1020 0.1662
002060 0.7350 0.0980 0.1671
002070 0.7364 0.0958 0.1678
002080 0.7350 0.0966 0.1684
002090 0.7337 0.0981 0.1681
002100 0.7339 0.0982 0.1679
002110 0.7359 0.0968 0.1673
002120 0.7387 0.0942 0.1671
002130 0.7390 0.0952 0.1657
002140 0.7398 0.0957 0.1644
002150 0.7400 0.0967 0.1633
002160 0.7388 0.0974 0.1638
002170 0.7386 0.0963 0.1650
002180 0.7379 0.0939 0.1682
002190 0.7378 0.0913 0.1709
002200 0.7345 0.0908 0.1747
002210 0.7302 0.0922 0.1775
002220 0.7249 0.0949 0.1802
002230 0.7184 0.0980 0.1836
002240 0.7122 0.1011 0.1867
002250 0.7067 0.1017 0.1916
002260 0.7023 0.1012 0.1965
002270 0.6957 0.1009 0.2034
002280 0.6909 0.0986 0.2105
002290 0.6850 0.0988 0.2162
002300 0.6796 0.0998 0.2205
002310 0.6743 0.1017 0.2240
002320 0.6701 0.1045 0.2253
002330 0.6669 0.1093 0.2239
002340 0.6636 0.1150 0.2213
002350 0.6620 0.1204 0.2176
002360 0.6620 0.1241 0.2139
002370 0.6655 0.1241 0.2105
002380 0.6685 0.1231 0.2084
002390 0.6721 0.1231 0.2048
002400 0.6780 0.1215 0.2005
002410 0.6819 0.1223 0.1958
002420 0.6873 0.1230 0.1897
002430 0.6911 0.1245 0.1845
002440 0.6960 0.1233 0.1808
002450 0.7005 0.1232 0.1763
002460 0.7030 0.1239 0.1731
002470 0.7048 0.1247 0.1705
002480 0.7070 0.1246 0.1685
002490 0.7068 0.1237 0.1696
002500 0.7074 0.1216 0.1710
002510 0.7089 0.1181 0.1730
002520 0.7117 0.1142 0.1741
002530 0.7163 0.1095 0.1741
002540 0.7196 0.1055 0.1749
002550 0.7209 0.1043 0.1749
002560 0.7223 0.1011 0.1765
002570 0.7213 0.0993 0.1794
002580 0.7207 0.0968 0.1826
002590 0.7196 0.0944 0.1860
002600 0.7175 0.0943 0.1881
002610 0.7149 0.0942 0.1909
002620 0.7129 0.0947 0.1924
002630 0.7102 0.0949 0.1949
002640 0.7075 0.0967 0.1959
002650 0.7062 0.0975 0.1963
002660 0.7052 0.0996 0.1952
002670 0.7046 0.1024 0.1930
002680 0.7038 0.1061 0.1901
002690 0.7034 0.1096 0.1870
002700 0.7024 0.1135 0.1841
002710 0.7017 0.1148 0.1835
002720 0.7029 0.1129 0.1842
002730 0.7044 0.1100 0.1856
002740 0.7040 0.1065 0.1895
002750 0.7022 0.1029 0.1949
002760 0.6985 0.1008 0.2007
002770 0.6912 0.1026 0.2062
002780 0.6838 0.1049 0.2112
002790 0.6776 0.1074 0.2150
002800 0.6730 0.1078 0.2192
002810 0.6677 0.1108 0.2215
002820 0.6652 0.1141 0.2207
002830 0.6633 0.1173 0.2194
002840 0.6630 0.1216 0.2154
002850 0.6644 0.1267 0.2089
002860 0.6703 0.1275 0.2022
002870 0.6767 0.1282 0.1951
002880 0.6849 0.1277 0.1875
002890 0.6953 0.1248 0.1799
002900 0.7059 0.1216 0.1725
002910 0.7152 0.1174 0.1674
002920 0.7235 0.1143 0.1622
002930 0.7308 0.1110 0.1582
002940 0.7364 0.1077 0.1559
002950 0.7404 0.1060 0.1535
002960 0.7448 0.1035 0.1517
002970 0.7470 0.1023 0.1507
002980 0.7464 0.1033 0.1502
002990 0.7464 0.1043 0.1493
003000 0.7464 0.1038 0.1497
003010 0.7470 0.1019 0.1510
003020 0.7482 0.0983 0.1535
003030 0.7461 0.0977 0.1562
003040 0.7436 0.0981 0.1583
003050 0.7395 0.0973 0.1631
003060 0.7355 0.0980 0.1666
003070 0.7315 0.0982 0.1704
003080 0.7272 0.0981 0.1747
003090 0.7221 0.0967 0.1812
003100 0.7153 0.0980 0.1867
003110 0.7086 0.0999 0.1915
003120 0.7028 0.1020 0.1953
003130 0.6968 0.1034 0.1998
003140 0.6907 0.1049 0.2044
003150 0.6855 0.1061 0.2084
003160 0.6820 0.1066 0.2114
003170 0.6787 0.1068 0.2144
003180 0.6757 0.1082 0.2160
003190 0.6749 0.1108 0.2143
003200 0.6725 0.1162 0.2114
003210 0.6711 0.1236 0.2053
003220 0.6695 0.1337 0.1968
003230 0.6696 0.1434 0.1870
003240 0.6735 0.1517 0.1748
003250 0.6804 0.1565 0.1632
003260 0.6907 0.1564 0.1529
003270 0.7032 0.1516 0.1452
003280 0.7162 0.1463 0.1375
003290 0.7288 0.1379 0.1332
003300 0.7402 0.1287 0.1311
003310 0.7468 0.1219 0.1313
003320 0.7509 0.1149 0.1342
003330 0.7547 0.1078 0.1376
003340 0.7568 0.0992 0.1440
003350 0.7573 0.0902 0.1525
003360 0.7543 0.0837 0.1620
003370 0.7500 0.0795 0.1705
003380 0.7433 0.0784 0.1783
003390 0.7357 0.0787 0.1857
003400 0.7268 0.0808 0.1924
003410 0.7170 0.0855 0.1975
003420 0.7074 0.0912 0.2014
003430 0.6989 0.0967 0.2045
003440 0.6951 0.1002 0.2046
003450 0.6932 0.1024 0.2044
003460 0.6918 0.1061 0.2021
003470 0.6919 0.1092 0.1989
003480 0.6925 0.1124 0.1950
003490 0.6940 0.1140 0.1920
003500 0.6967 0.1140 0.1893
003510 0.6993 0.1130 0.1877
003520 0.7003 0.1122 0.1875
003530 0.7024 0.1103 0.1873
003540 0.7035 0.1105 0.1860
003550 0.7040 0.1104 0.1856
003560 0.7061 0.1092 0.1847
003570 0.7077 0.1103 0.1820
003580 0.7097 0.1114 0.1789
003590 0.7121 0.1126 0.1753
003600 0.7155 0.1128 0.1717
003610 0.7187 0.1133 0.1680
003620 0.7208 0.1140 0.1652
003630 0.7228 0.1156 0.1616
003640 0.7262 0.1154 0.1583
003650 0.7295 0.1142 0.1562
003660 0.7331 0.1117 0.1552
003670 0.7348 0.1094 0.1558
003680 0.7361 0.1067 0.1573
003690 0.7362 0.1036 0.1602
003700 0.7364 0.0988 0.1648
003710 0.7345 0.0949 0.1707
003720 0.7303 0.0947 0.1750
003730 0.7268 0.0961 0.1771
003740 0.7266 0.0958 0.1776
003750 0.7278 0.0937 0.1785
003760 0.7274 0.0933 0.1793
003770 0.7275 0.0927 0.1798
003780 0.7259 0.0937 0.1804
003790 0.7221 0.0962 0.1817
003800 0.7170 0.0996 0.1834
003810 0.7133 0.1007 0.1860
003820 0.7102 0.1010 0.1888
003830 0.7063 0.1004 0.1933
003840 0.7028 0.1007 0.1965
003850 0.6990 0.1022 0.1988
003860 0.6959 0.1028 0.2014
003870 0.6915 0.1043 0.2042
003880 0.6876 0.1073 0.2050
003890 0.6842 0.1090 0.2068
003900 0.6810 0.1115 0.2075
003910 0.6783 0.1151 0.2066
003920 0.6786 0.1164 0.2050
003930 0.6796 0.1167 0.2037
003940 0.6809 0.1170 0.2021
003950 0.6816 0.1186 0.1999
003960 0.6838 0.1206 0.1956
003970 0.6888 0.1232 0.1880
003980 0.6930 0.1257 0.1813
003990 0.7007 0.1238 0.1755
004000 0.7065 0.1229 0.1706
004010 0.7118 0.1215 0.1667
004020 0.7159 0.1190 0.1651
004030 0.7200 0.1145 0.1655
004040 0.7234 0.1108 0.1658
004050 0.7245 0.1087 0.1668
004060 0.7257 0.1054 0.1690
004070 0.7251 0.1024 0.1725
004080 0.7238 0.1004 0.1758
004090 0.7236 0.0977 0.1787
004100 0.7230 0.0947 0.1823
004110 0.7222 0.0934 0.1844
004120 0.7202 0.0941 0.1857
004130 0.7172 0.0959 0.1869
004140 0.7147 0.0983 0.1871
004150 0.7107 0.1016 0.1877
004160 0.7075 0.1043 0.1882
004170 0.7043 0.1045 0.1912
004180 0.7031 0.1039 0.1930
004190 0.6999 0.1049 0.1953
004200 0.6978 0.1083 0.1939
004210 0.6968 0.1098 0.1934
004220 0.6961 0.1122 0.1916
004230 0.6963 0.1123 0.1914
004240 0.6981 0.1110 0.1909
004250 0.7002 0.1103 0.1895
004260 0.7010 0.1115 0.1874
004270 0.7047 0.1114 0.1839
004280 0.7090 0.1123 0.1787
004290 0.7131 0.1137 0.1732
004300 0.7180 0.1147 0.1672
004310 0.7224 0.1163 0.1612
004320 0.7308 0.1146 0.1546
004330 0.7382 0.1099 0.1519
004340 0.7446 0.1041 0.1513
004350 0.7498 0.0989 0.1513
004360 0.7541 0.0939 0.1521
004370 0.7551 0.0892 0.1557
004380 0.7534 0.0868 0.1598
004390 0.7509 0.0845 0.1646
004400 0.7471 0.0829 0.1701
004410 0.7406 0.0837 0.1756
004420 0.7338 0.0857 0.1805
004430 0.7266 0.0893 0.1841
004440 0.7198 0.0935 0.1867
004450 0.7143 0.0960 0.1897
004460 0.7098 0.0973 0.1929
004470 0.7060 0.0977 0.1963
004480 0.7026 0.0975 0.1999
004490 0.6998 0.0992 0.2010
004500 0.6965 0.1024 0.2011
004510 0.6960 0.1062 0.1978
004520 0.6966 0.1087 0.1947
004530 0.6970 0.1133 0.1898
004540 0.6978 0.1169 0.1853
004550 0.6990 0.1209 0.1802
004560 0.7021 0.1235 0.1744
004570 0.7064 0.1247 0.1689
004580 0.7109 0.1239 0.1653
004590 0.7154 0.1221 0.1625
004600 0.7199 0.1181 0.1620
004610 0.7249 0.1117 0.1634
004620 0.7297 0.1049 0.1654
004630 0.7337 0.1004 0.1659
004640 0.7357 0.0967 0.1676
004650 0.7353 0.0951 0.1697
004660 0.7333 0.0949 0.1718
004670 0.7300 0.0960 0.1740
004680 0.7272 0.0985 0.1742
004690 0.7243 0.1019 0.1738
004700 0.7213 0.1051 0.1736
004710 0.7199 0.1047 0.1754
004720 0.7185 0.1034 0.1781
004730 0.7189 0.1003 0.1809
004740 0.7179 0.0983 0.1839
004750 0.7150 0.1000 0.1851
004760 0.7121 0.1018 0.1861
004770 0.7095 0.1040 0.1865
004780 0.7080 0.1070 0.1850
004790 0.7077 0.1098 0.1825
004800 0.7091 0.1125 0.1785
004810 0.7118 0.1140 0.1742
004820 0.7157 0.1136 0.1706
004830 0.7187 0.1137 0.1676
004840 0.7224 0.1132 0.1644
004850 0.7250 0.1143 0.1607
004860 0.7275 0.1144 0.1581
004870 0.7294 0.1132 0.1574
004880 0.7303 0.1106 0.1591
004890 0.7326 0.1058 0.1615
004900 0.7338 0.0995 0.1667
004910 0.7328 0.0953 0.1719
004920 0.7304 0.0928 0.1768
004930 0.7269 0.0917 0.1814
004940 0.7245 0.0921 0.1835
004950 0.7218 0.0929 0.1852
004960 0.7183 0.0951 0.1866
004970 0.7148 0.0987 0.1865
004980 0.7121 0.1025 0.1854
004990 0.7122 0.1052 0.1826
005000 0.7143 0.1045 0.1812
005010 0.7156 0.1037 0.1806
005020 0.7120 0.1058 0.1823
005030 0.7094 0.1077 0.1829
005040 0.7085 0.1079 0.1836
005050 0.7079 0.1072 0.1849
005060 0.7057 0.1090 0.1854
005070 0.7028 0.1096 0.1876
005080 0.7003 0.1098 0.1899
005090 0.6977 0.1110 0.1913
005100 0.6947 0.1125 0.1928
005110 0.6917 0.1128 0.1955
005120 0.6885 0.1134 0.1981
005130 0.6857 0.1142 0.2001
005140 0.6833 0.1138 0.2029
005150 0.6815 0.1126 0.2059
005160 0.6797 0.1122 0.2081
005170 0.6777 0.1127 0.2096
005180 0.6742 0.1144 0.2113
005190 0.6720 0.1178 0.2102
005200 0.6697 0.1208 0.2095
005210 0.6678 0.1253 0.2069
005220 0.6664 0.1306 0.2030
005230 0.6672 0.1339 0.1989
005240 0.6706 0.1355 0.1939
005250 0.6775 0.1361 0.1864
005260 0.6873 0.1360 0.1767
005270 0.6986 0.1354 0.1660
005280 0.7094 0.1330 0.1576
005290 0.7180 0.1320 0.1500
005300 0.7286 0.1279 0.1436
005310 0.7391 0.1225 0.1384
005320 0.7490 0.1167 0.1343
005330 0.7588 0.1090 0.1323
005340 0.7682 0.1000 0.1318
005350 0.7751 0.0911 0.1338
005360 0.7780 0.0854 0.1365
005370 0.7777 0.0809 0.1414
005380 0.7755 0.0773 0.1472
005390 0.7683 0.0775 0.1542
005400 0.7579 0.0809 0.1612
005410 0.7486 0.0847 0.1667
005420 0.7391 0.0896 0.1713
005430 0.7320 0.0925 0.1755
005440 0.7271 0.0938 0.1790
005450 0.7233 0.0947 0.1820
005460 0.7206 0.0957 0.1838
005470 0.7189 0.0961 0.1851
005480 0.7171 0.0960 0.1868
005490 0.7146 0.0986 0.1868
005500 0.7131 0.1027 0.1842
005510 0.7128 0.1072 0.1800
005520 0.7136 0.1117 0.1747
005530 0.7162 0.1138 0.1700
005540 0.7191 0.1160 0.1649
005550 0.7220 0.1178 0.1602
005560 0.7250 0.1180 0.1570
005570 0.7313 0.1148 0.1540
005580 0.7366 0.1105 0.1530
005590 0.7409 0.1059 0.1532
005600 0.7431 0.1020 0.1550
005610 0.7441 0.0981 0.1578
005620 0.7441 0.0924 0.1635
005630 0.7429 0.0875 0.1696
005640 0.7405 0.0830 0.1765
005650 0.7351 0.0808 0.1841
005660 0.7302 0.0785 0.1913
005670 0.7255 0.0763 0.1982
005680 0.7197 0.0759 0.2043
005690 0.7115 0.0772 0.2112
005700 0.7023 0.0795 0.2183
005710 0.6934 0.0846 0.2220
005720 0.6844 0.0918 0.2238
005730 0.6763 0.0998 0.2239
005740 0.6697 0.1092 0.2211
005750 0.6653 0.1190 0.2157
005760 0.6640 0.1252 0.2108
005770 0.6642 0.1315 0.2043
005780 0.6662 0.1368 0.1970
005790 0.6702 0.1403 0.1895
005800 0.6741 0.1423 0.1836
005810 0.6780 0.1442 0.1778
005820 0.6859 0.1427 0.1714
005830 0.6965 0.1375 0.1660
005840 0.7054 0.1322 0.1624
005850 0.7142 0.1276 0.1582
005860 0.7244 0.1197 0.1560
005870 0.7332 0.1100 0.1568
005880 0.7400 0.1014 0.1586
005890 0.7437 0.0949 0.1614
005900 0.7444 0.0910 0.1646
005910 0.7427 0.0909 0.1664
005920 0.7404 0.0922 0.1674
005930 0.7381 0.0931 0.1688
005940 0.7347 0.0954 0.1699
005950 0.7334 0.0962 0.1704
005960 0.7303 0.0957 0.1740
005970 0.7274 0.0956 0.1770
005980 0.7242 0.0967 0.1791
005990 0.7213 0.0965 0.1822
006000 0.7186 0.0984 0.1831
006010 0.7189 0.0984 0.1827
006020 0.7189 0.0984 0.1826
006030 0.7205 0.0991 0.1804
006040 0.7207 0.1012 0.1781
006050 0.7218 0.1018 0.1765
006060 0.7230 0.1013 0.1757
006070 0.7239 0.1007 0.1754
006080 0.7236 0.1017 0.1747
006090 0.7224 0.1044 0.1732
006100 0.7205 0.1064 0.1731
006110 0.7191 0.1077 0.1732
006120 0.7190 0.1056 0.1755
006130 0.7185 0.1032 0.1783
006140 0.7175 0.1003 0.1822
006150 0.7155 0.0983 0.1862
006160 0.7125 0.0972 0.1903
006170 0.7091 0.0998 0.1912
006180 0.7044 0.1045 0.1911
006190 0.7004 0.1083 0.1913
006200 0.6973 0.1122 0.1905
006210 0.6955 0.1163 0.1881
006220 0.6990 0.1160 0.1849
006230 0.7025 0.1146 0.1829
006240 0.7053 0.1145 0.1802
006250 0.7090 0.1143 0.1767
006260 0.7128 0.1132 0.1739
006270 0.7174 0.1114 0.1712
006280 0.7232 0.1078 0.1690
006290 0.7288 0.1043 0.1669
006300 0.7322 0.1018 0.1660
006310 0.7345 0.0997 0.1658
006320 0.7357 0.0972 0.1671
006330 0.7348 0.0965 0.1687
006340 0.7330 0.0965 0.1705
006350 0.7308 0.0971 0.1721
006360 0.7286 0.0966 0.1748
006370 0.7257 0.0977 0.1767
006380 0.7223 0.0984 0.1793
006390 0.7197 0.1005 0.1798
006400 0.7177 0.1017 0.1807
006410 0.7157 0.1036 0.1806
006420 0.7135 0.1052 0.1812
006430 0.7107 0.1066 0.1826
006440 0.7076 0.1068 0.1856
006450 0.7073 0.1058 0.1869
006460 0.7077 0.1043 0.1880
006470 0.7082 0.1036 0.1881
006480 0.7074 0.1033 0.1893
006490 0.7073 0.1035 0.1892
006500 0.7076 0.1036 0.1888
006510 0.7084 0.1024 0.1892
006520 0.7075 0.1033 0.1892
006530 0.7067 0.1036 0.1897
006540 0.7052 0.1046 0.1902
006550 0.7040 0.1057 0.1903
006560 0.7030 0.1062 0.1908
006570 0.7027 0.1055 0.1918
006580 0.7003 0.1083 0.1914
006590 0.6983 0.1126 0.1891
006600 0.6958 0.1168 0.1873
006610 0.6933 0.1216 0.1850
006620 0.6922 0.1257 0.1822
006630 0.6921 0.1274 0.1804
006640 0.6957 0.1244 0.1799
006650 0.6995 0.1199 0.1806
006660 0.7045 0.1140 0.1815
006670 0.7110 0.1074 0.1815
006680 0.7164 0.1004 0.1832
006690 0.7200 0.0949 0.1851
006700 0.7226 0.0905 0.1869
006710 0.7234 0.0870 0.1896
006720 0.7205 0.0857 0.1938
006730 0.7153 0.0866 0.1981
006740 0.7104 0.0887 0.2009
006750 0.7045 0.0932 0.2023
006760 0.6970 0.0996 0.2034
006770 0.6883 0.1090 0.2028
006780 0.6813 0.1185 0.2002
006790 0.6768 0.1247 0.1985
006800 0.6744 0.1284 0.1972
006810 0.6740 0.1292 0.1968
006820 0.6759 0.1264 0.1977
006830 0.6760 0.1249 0.1991
006840 0.6761 0.1232 0.2007
006850 0.6773 0.1223 0.2004
006860 0.6789 0.1207 0.2004
006870 0.6805 0.1198 0.1997
006880 0.6826 0.1196 0.1978
006890 0.6839 0.1216 0.1945
006900 0.6864 0.1209 0.1927
006910 0.6901 0.1193 0.1906
006920 0.6945 0.1160 0.1895
006930 0.6989 0.1140 0.1871
006940 0.7018 0.1132 0.1850
006950 0.7064 0.1120 0.1816
006960 0.7109 0.1109 0.1781
006970 0.7138 0.1107 0.1755
006980 0.7177 0.1092 0.1731
006990 0.7220 0.1045 0.1735
007000 0.7259 0.0984 0.1758
007010 0.7281 0.0913 0.1806
007020 0.7279 0.0854 0.1867
007030 0.7275 0.0810 0.1915
007040 0.7255 0.0790 0.1955
007050 0.7204 0.0805 0.1991
007060 0.7144 0.0844 0.2013
007070 0.7083 0.0900 0.2017
007080 0.7033 0.0951 0.2016
007090 0.6992 0.0981 0.2027
007100 0.6952 0.0995 0.2053
007110 0.6897 0.1023 0.2080
007120 0.6852 0.1055 0.2093
007130 0.6813 0.1084 0.2103
007140 0.6791 0.1114 0.2095
007150 0.6783 0.1136 0.2082
007160 0.6760 0.1155 0.2086
007170 0.6754 0.1158 0.2088
007180 0.6750 0.1160 0.2090
007190 0.6747 0.1158 0.2096
007200 0.6757 0.1143 0.2101
007210 0.6762 0.1148 0.2091
007220 0.6776 0.1166 0.2058
007230 0.6793 0.1183 0.2024
007240 0.6825 0.1183 0.1991
007250 0.6854 0.1184 0.1962
007260 0.6886 0.1180 0.1934
007270 0.6925 0.1165 0.1910
007280 0.6959 0.1151 0.1890
007290 0.6998 0.1144 0.1858
007300 0.7012 0.1127 0.1861
007310 0.7005 0.1127 0.1868
007320 0.6988 0.1125 0.1887
007330 0.6958 0.1119 0.1923
007340 0.6921 0.1113 0.1965
007350 0.6882 0.1099 0.2020
007360 0.6872 0.1086 0.2042
007370 0.6860 0.1084 0.2056
007380 0.6843 0.1084 0.2073
007390 0.6840 0.1094 0.2066
007400 0.6858 0.1098 0.2044
007410 0.6884 0.1110 0.2005
007420 0.6907 0.1129 0.1964
007430 0.6933 0.1143 0.1925
007440 0.6984 0.1134 0.1883
007450 0.7041 0.1122 0.1837
007460 0.7083 0.1128 0.1788
007470 0.7126 0.1136 0.1738
007480 0.7161 0.1150 0.1688
007490 0.7200 0.1170 0.1630
007500 0.7233 0.1183 0.1584
007510 0.7279 0.1178 0.1543
007520 0.7322 0.1167 0.1511
007530 0.7369 0.1143 0.1488
007540 0.7405 0.1119 0.1476
007550 0.7438 0.1090 0.1472
007560 0.7471 0.1062 0.1467
007570 0.7508 0.1022 0.1470
007580 0.7520 0.0998 0.1482
007590 0.7523 0.0968 0.1510
007600 0.7492 0.0943 0.1565
007610 0.7446 0.0918 0.1636
007620 0.7397 0.0880 0.1723
007630 0.7331 0.0853 0.1816
007640 0.7262 0.0831 0.1906
007650 0.7177 0.0842 0.1981
007660 0.7090 0.0867 0.2042
007670 0.7001 0.0900 0.2098
007680 0.6907 0.0964 0.2129
007690 0.6820 0.1027 0.2153
007700 0.6765 0.1077 0.2159
007710 0.6709 0.1142 0.2149
007720 0.6694 0.1185 0.2121
007730 0.6705 0.1195 0.2100
007740 0.6724 0.1196 0.2079
007750 0.6752 0.1203 0.2045
007760 0.6785 0.1222 0.1993
007770 0.6806 0.1252 0.1942
007780 0.6837 0.1261 0.1902
007790 0.6903 0.1245 0.1851
007800 0.6970 0.1221 0.1809
007810 0.7047 0.1193 0.1760
007820 0.7122 0.1179 0.1699
007830 0.7198 0.1161 0.1642
007840 0.7270 0.1160 0.1570
007850 0.7319 0.1149 0.1532
007860 0.7372 0.1119 0.1508
007870 0.7409 0.1078 0.1513
007880 0.7420 0.1046 0.1534
007890 0.7420 0.1004 0.1576
007900 0.7404 0.0967 0.1629
007910 0.7392 0.0936 0.1671
007920 0.7386 0.0902 0.1712
007930 0.7361 0.0890 0.1749
007940 0.7327 0.0903 0.1770
007950 0.7306 0.0896 0.1798
007960 0.7280 0.0883 0.1837
007970 0.7259 0.0871 0.1870
007980 0.7234 0.0858 0.1908
007990 0.7204 0.0860 0.1936
008000 0.7184 0.0861 0.1954
008010 0.7157 0.0876 0.1966
008020 0.7113 0.0926 0.1961
008030 0.7081 0.0975 0.1944
008040 0.7061 0.1027 0.1912
008050 0.7043 0.1087 0.1870
008060 0.7022 0.1170 0.1808
008070 0.7002 0.1262 0.1736
008080 0.7001 0.1348 0.1651
008090 0.7014 0.1408 0.1578
008100 0.7061 0.1421 0.1518
008110 0.7139 0.1388 0.1472
008120 0.7207 0.1326 0.1467
008130 0.7267 0.1250 0.1482
008140 0.7300 0.1186 0.1514
008150 0.7335 0.1135 0.1530
008160 0.7368 0.1085 0.1548
008170 0.7405 0.1039 0.1556
008180 0.7428 0.1008 0.1564
008190 0.7444 0.0979 0.1577
008200 0.7447 0.0970 0.1584
008210 0.7448 0.0958 0.1593
008220 0.7447 0.0935 0.1617
008230 0.7467 0.0873 0.1660
008240 0.7457 0.0801 0.1743
008250 0.7410 0.0741 0.1849
008260 0.7341 0.0730 0.1929
008270 0.7257 0.0731 0.2012
008280 0.7166 0.0743 0.2091
008290 0.7066 0.0794 0.2140
008300 0.6985 0.0860 0.2155
008310 0.6924 0.0939 0.2137
008320 0.6873 0.1010 0.2116
008330 0.6857 0.1046 0.2097
008340 0.6850 0.1078 0.2072
008350 0.6853 0.1094 0.2053
008360 0.6872 0.1084 0.2044
008370 0.6878 0.1082 0.2040
008380 0.6855 0.1103 0.2042
008390 0.6828 0.1137 0.2035
008400 0.6800 0.1157 0.2043
008410 0.6765 0.1213 0.2021
008420 0.6751 0.1268 0.1982
008430 0.6761 0.1314 0.1925
008440 0.6814 0.1337 0.1849
008450 0.6894 0.1332 0.1774
008460 0.6974 0.1318 0.1707
008470 0.7089 0.1280 0.1632
008480 0.7217 0.1212 0.1571
008490 0.7342 0.1138 0.1521
008500 0.7424 0.1083 0.1492
008510 0.7452 0.1059 0.1489
008520 0.7460 0.1045 0.1494
008530 0.7444 0.1037 0.1519
008540 0.7425 0.1028 0.1547
008550 0.7380 0.1030 0.1590
008560 0.7320 0.1033 0.1647
008570 0.7262 0.1014 0.1725
008580 0.7201 0.0963 0.1836
008590 0.7134 0.0925 0.1942
008600 0.7044 0.0915 0.2041
008610 0.6965 0.0912 0.2123
008620 0.6894 0.0921 0.2185
008630 0.6824 0.0944 0.2231
008640 0.6776 0.0974 0.2250
008650 0.6739 0.1019 0.2243
008660 0.6710 0.1077 0.2214
008670 0.6703 0.1141 0.2156
008680 0.6699 0.1188 0.2112
008690 0.6721 0.1238 0.2041
008700 0.6781 0.1271 0.1948
008710 0.6849 0.1282 0.1869
008720 0.6918 0.1292 0.1791
008730 0.6999 0.1295 0.1706
008740 0.7074 0.1294 0.1632
008750 0.7164 0.1261 0.1576
008760 0.7245 0.1229 0.1526
008770 0.7316 0.1191 0.1493
008780 0.7381 0.1148 0.1470
008790 0.7438 0.1103 0.1459
008800 0.7515 0.1033 0.1452
008810 0.7564 0.0984 0.1452
008820 0.7587 0.0967 0.1446
008830 0.7596 0.0961 0.1443
008840 0.7607 0.0941 0.1453
008850 0.7590 0.0935 0.1475
008860 0.7566 0.0940 0.1495
008870 0.7537 0.0934 0.1528
008880 0.7513 0.0917 0.1570
008890 0.7470 0.0893 0.1638
008900 0.7413 0.0889 0.1698
008910 0.7360 0.0874 0.1766
008920 0.7308 0.0873 0.1819
008930 0.7279 0.0863 0.1859
008940 0.7263 0.0845 0.1892
008950 0.7234 0.0856 0.1910
008960 0.7195 0.0879 0.1926
008970 0.7155 0.0904 0.1940
008980 0.7109 0.0927 0.1964
008990 0.7071 0.0938 0.1991
009000 0.7039 0.0948 0.2013
009010 0.7023 0.0961 0.2016
009020 0.6991 0.0993 0.2016
009030 0.6974 0.1006 0.2020
009040 0.6956 0.1022 0.2022
009050 0.6931 0.1046 0.2023
009060 0.6909 0.1077 0.2014
009070 0.6891 0.1116 0.1992
009080 0.6882 0.1163 0.1955
009090 0.6851 0.1187 0.1961
009100 0.6836 0.1210 0.1954
009110 0.6838 0.1225 0.1936
009120 0.6850 0.1236 0.1914
009130 0.6868 0.1234 0.1898
009140 0.6874 0.1213 0.1913
009150 0.6873 0.1186 0.1941
009160 0.6859 0.1153 0.1987
009170 0.6856 0.1122 0.2022
009180 0.6848 0.1112 0.2041
009190 0.6832 0.1123 0.2046
009200 0.6827 0.1144 0.2029
009210 0.6832 0.1173 0.1995
009220 0.6844 0.1214 0.1941
009230 0.6877 0.1250 0.1873
009240 0.6914 0.1269 0.1817
009250 0.6939 0.1288 0.1773
009260 0.6979 0.1287 0.1734
009270 0.7015 0.1275 0.1711
009280 0.7071 0.1242 0.1687
009290 0.7127 0.1185 0.1688
009300 0.7168 0.1124 0.1708
009310 0.7206 0.1079 0.1715
009320 0.7241 0.1016 0.1743
009330 0.7266 0.0961 0.1773
009340 0.7265 0.0920 0.1815
009350 0.7245 0.0912 0.1843
009360 0.7222 0.0905 0.1872
009370 0.7206 0.0905 0.1889
009380 0.7199 0.0935 0.1866
009390 0.7193 0.0975 0.1832
009400 0.7191 0.1032 0.1778
009410 0.7209 0.1077 0.1714
009420 0.7253 0.1092 0.1655
009430 0.7293 0.1086 0.1620
009440 0.7324 0.1087 0.1589
009450 0.7367 0.1065 0.1567
009460 0.7405 0.1040 0.1555
009470 0.7423 0.1012 0.1564
009480 0.7433 0.0973 0.1594
009490 0.7431 0.0965 0.1604
009500 0.7418 0.0970 0.1613
009510 0.7428 0.0961 0.1611
009520 0.7447 0.0956 0.1597
009530 0.7475 0.0960 0.1565
009540 0.7510 0.0957 0.1534
009550 0.7536 0.0948 0.1516
009560 0.7540 0.0960 0.1500
009570 0.7545 0.0973 0.1483
009580 0.7567 0.0972 0.1461
009590 0.7583 0.0952 0.1465
009600 0.7595 0.0934 0.1471
009610 0.7592 0.0906 0.1502
009620 0.7580 0.0877 0.1543
009630 0.7567 0.0838 0.1595
009640 0.7538 0.0818 0.1644
009650 0.7500 0.0816 0.1684
009660 0.7466 0.0812 0.1722
009670 0.7426 0.0820 0.1755
009680 0.7375 0.0844 0.1781
009690 0.7313 0.0873 0.1814
009700 0.7255 0.0904 0.1841
009710 0.7197 0.0925 0.1878
009720 0.7141 0.0934 0.1924
009730 0.7100 0.0951 0.1949
009740 0.7065 0.0961 0.1974
009750 0.7005 0.0983 0.2012
009760 0.6938 0.1003 0.2059
009770 0.6873 0.1037 0.2089
009780 0.6793 0.1085 0.2122
009790 0.6719 0.1134 0.2147
009800 0.6661 0.1175 0.2165
009810 0.6629 0.1203 0.2168
009820 0.6602 0.1237 0.2161
009830 0.6604 0.1270 0.2126
009840 0.6613 0.1298 0.2089
009850 0.6619 0.1353 0.2028
009860 0.6641 0.1410 0.1949
009870 0.6673 0.1458 0.1869
009880 0.6747 0.1457 0.1796
009890 0.6830 0.1427 0.1743
009900 0.6920 0.1368 0.1713
009910 0.6999 0.1296 0.1705
009920 0.7074 0.1222 0.1705
009930 0.7132 0.1142 0.1726
009940 0.7165 0.1085 0.1750
009950 0.7176 0.1047 0.1777
009960 0.7179 0.1017 0.1804
009970 0.7170 0.1011 0.1819
009980 0.7155 0.0999 0.1846
009990 0.7148 0.0987 0.1865
010000 0.7145 0.0965 0.1890
010010 0.7128 0.0949 0.1923
010020 0.7128 0.0949 0.1923
010030 0.7128 0.0949 0.1923
010040 0.7128 0.0949 0.1923
010050 0.7128 0.0949 0.1923
010060 0.7128 0.0949 0.1923
010070 0.7128 0.0949 0.1923
010080 0.7128 0.0949 0.1923
010090 0.7128 0.0949 0.1923
010100 0.7128 0.0949 0.1923
010110 0.7128 0.0949 0.1923
010120 0.7128 0.0949 0.1923
010130 0.7128 0.0949 0.1923
010140 0.7128 0.0949 0.1923
010150 0.7128 0.0949 0.1923
010160 0.7128 0.0949 0.1923
010170 0.7128 0.0949 0.1923
010180 0.7128 0.0949 0.1923
010190 0.7128 0.0949 0.1923
010200 0.7128 0.0949 0.1923
010210 0.7128 0.0949 0.1923
010220 0.7128 0.0949 0.1923
010230 0.7128 0.0949 0.1923
010240 0.7128 0.0949 0.1923
010250 0.7128 0.0949 0.1923
010260 0.7128 0.0949 0.1923
010270 0.7128 0.0949 0.1923
010280 0.7128 0.0949 0.1923
010290 0.7128 0.0949 0.1923
010300 0.7128 0.0949 0.1923
010310 0.7128 0.0949 0.1923
010320 0.7128 0.0949 0.1923
010330 0.7128 0.0949 0.1923
010340 0.7128 0.0949 0.1923
010350 0.7128 0.0949 0.1923
010360 0.7128 0.0949 0.1923
010370 0.7128 0.0949 0.1923
010380 0.7128 0.0949 0.1923
010390 0.7128 0.0949 0.1923
010400 0.7128 0.0949 0.1923
010410 0.7128 0.0949 0.1923
010420 0.7128 0.0949 0.1923
010430 0.7128 0.0949 0.1923
010440 0.7128 0.0949 0.1923
010450 0.7128 0.0949 0.1923
010460 0.7128 0.0949 0.1923
010470 0.7128 0.0949 0.1923
010480 0.7128 0.0949 0.1923
010490 0.7128 0.0949 0.1923
010500 0.7128 0.0949 0.1923
010510 0.7128 0.0949 0.1923
010520 0.7128 0.0949 0.1923
010530 0.7128 0.0949 0.1923
010540 0.7128 0.0949 0.1923
010550 0.7128 0.0949 0.1923
010560 0.7128 0.0949 0.1923
010570 0.7128 0.0949 0.1923
010580 0.7128 0.0949 0.1923
010590 0.7128 0.0949 0.1923
010600 0.7128 0.0949 0.1923
010610 0.7128 0.0949 0.1923
010620 0.7128 0.0949 0.1923
010630 0.7128 0.0949 0.1923
010640 0.7128 0.0949 0.1923
010650 0.7128 0.0949 0.1923
010660 0.7128 0.0949 0.1923
010670 0.7128 0.0949 0.1923
010680 0.7128 0.0949 0.1923
010690 0.7128 0.0949 0.1923
010700 0.7128 0.0949 0.1923
010710 0.7128 0.0949 0.1923
010720 0.7128 0.0949 0.1923
010730 0.7128 0.0949 0.1923
010740 0.7128 0.0949 0.1923
010750 0.7128 0.0949 0.1923
010760 0.7128 0.0949 0.1923
010770 0.7128 0.0949 0.1923
010780 0.7128 0.0949 0.1923
010790 0.7128 0.0949 0.1923
010800 0.7128 0.0949 0.1923
010810 0.7128 0.0949 0.1923
010820 0.7128 0.0949 0.1923
010830 0.7128 0.0949 0.1923
010840 0.7128 0.0949 0.1923
010850 0.7128 0.0949 0.1923
010860 0.7128 0.0949 0.1923
010870 0.7128 0.0949 0.1923
010880 0.7128 0.0949 0.1923
010890 0.7128 0.0949 0.1923
010900 0.7128 0.0949 0.1923
010910 0.7128 0.0949 0.1923
010920 0.7128 0.0949 0.1923
010930 0.7128 0.0949 0.1923
010940 0.7128 0.0949 0.1923
010950 0.7128 0.0949 0.1923
010960 0.7128 0.0949 0.1923
010970 0.7128 0.0949 0.1923
010980 0.7128 0.0949 0.1923
010990 0.7128 0.0949 0.1923
011000 0.7128 0.0949 0.1923
011010 0.7128 0.0949 0.1923
011020 0.7128 0.0949 0.1923
011030 0.7128 0.0949 0.1923
011040 0.7128 0.0949 0.1923
011050 0.7128 0.0949 0.1923
011060 0.7128 0.0949 0.1923
011070 0.7128 0.0949 0.1923
011080 0.7128 0.0949 0.1923
011090 0.7128 0.0949 0.1923
011100 0.7128 0.0949 0.1923
011110 0.7128 0.0949 0.1923
011120 0.7128 0.0949 0.1923
011130 0.7128 0.0949 0.1923
011140 0.7128 0.0949 0.1923
011150 0.7128 0.0949 0.1923
011160 0.7128 0.0949 0.1923
011170 0.7128 0.0949 0.1923
011180 0.7128 0.0949 0.1923
011190 0.7128 0.0949 0.1923
011200 0.7128 0.0949 0.1923
011210 0.7128 0.0949 0.1923
011220 0.7128 0.0949 0.1923
011230 0.7128 0.0949 0.1923
011240 0.7128 0.0949 0.1923
011250 0.7128 0.0949 0.1923
011260 0.7128 0.0949 0.1923
011270 0.7128 0.0949 0.1923
011280 0.7128 0.0949 0.1923
011290 0.7128 0.0949 0.1923
011300 0.7128 0.0949 0.1923
011310 0.7128 0.0949 0.1923
011320 0.7128 0.0949 0.1923
011330 0.7128 0.0949 0.1923
011340 0.7128 0.0949 0.1923
011350 0.7128 0.0949 0.1923
011360 0.7128 0.0949 0.1923
011370 0.7128 0.0949 0.1923
011380 0.7128 0.0949 0.1923
011390 0.7128 0.0949 0.1923
011400 0.7128 0.0949 0.1923
011410 0.7128 0.0949 0.1923
011420 0.7128 0.0949 0.1923
011430 0.7128 0.0949 0.1923
011440 0.7128 0.0949 0.1923
011450 0.7128 0.0949 0.1923
011460 0.7128 0.0949 0.1923
011470 0.7128 0.0949 0.1923
011480 0.7128 0.0949 0.1923
011490 0.7128 0.0949 0.1923
011500 0.7128 0.0949 0.1923
011510 0.7128 0.0949 0.1923
011520 0.7128 0.0949 0.1923
011530 0.7128 0.0949 0.1923
011540 0.7128 0.0949 0.1923
011550 0.7128 0.0949 0.1923
011560 0.7128 0.0949 0.1923
011570 0.7128 0.0949 0.1923
011580 0.7128 0.0949 0.1923
011590 0.7128 0.0949 0.1923
011600 0.7128 0.0949 0.1923
011610 0.7128 0.0949 0.1923
011620 0.7128 0.0949 0.1923
011630 0.7128 0.0949 0.1923
011640 0.7128 0.0949 0.1923
011650 0.7128 0.0949 0.1923
011660 0.7128 0.0949 0.1923
011670 0.7128 0.0949 0.1923
011680 0.7128 0.0949 0.1923
011690 0.7128 0.0949 0.1923
011700 0.7128 0.0949 0.1923
011710 0.7128 0.0949 0.1923
011720 0.7128 0.0949 0.1923
011730 0.7128 0.0949 0.1923
011740 0.7128 0.0949 0.1923
011750 0.7128 0.0949 0.1923
011760 0.7128 0.0949 0.1923
011770 0.7128 0.0949 0.1923
011780 0.7128 0.0949 0.1923
011790 0.7128 0.0949 0.1923
011800 0.7128 0.0949 0.1923
011810 0.7128 0.0949 0.1923
011820 0.7128 0.0949 0.1923
011830 0.7128 0.0949 0.1923
011840 0.7128 0.0949 0.1923
011850 0.7128 0.0949 0.1923
011860 0.7128 0.0949 0.1923
011870 0.7128 0.0949 0.1923
011880 0.7128 0.0949 0.1923
011890 0.7128 0.0949 0.1923
011900 0.7128 0.0949 0.1923
011910 0.7128 0.0949 0.1923
011920 0.7128 0.0949 0.1923
011930 0.7128 0.0949 0.1923
011940 0.7128 0.0949 0.1923
011950 0.7128 0.0949 0.1923
011960 0.7128 0.0949 0.1923
011970 0.7128 0.0949 0.1923
011980 0.7128 0.0949 0.1923
011990 0.7128 0.0949 0.1923
012000 0.7128 0.0949 0.1923
012010 0.7128 0.0949 0.1923
012020 0.7128 0.0949 0.1923
012030 0.7128 0.0949 0.1923
012040 0.7128 0.0949 0.1923
012050 0.7128 0.0949 0.1923
012060 0.7128 0.0949 0.1923
012070 0.7128 0.0949 0.1923
012080 0.7128 0.0949 0.1923
012090 0.7128 0.0949 0.1923
012100 0.7128 0.0949 0.1923
012110 0.7128 0.0949 0.1923
012120 0.7128 0.0949 0.1923
012130 0.7128 0.0949 0.1923
012140 0.7128 0.0949 0.1923
012150 0.7128 0.0949 0.1923
012160 0.7128 0.0949 0.1923
012170 0.7128 0.0949 0.1923
012180 0.7128 0.0949 0.1923
012190 0.7128 0.0949 0.1923
012200 0.7128 0.0949 0.1923
012210 0.7128 0.0949 0.1923
012220 0.7128 0.0949 0.1923
012230 0.7128 0.0949 0.1923
012240 0.7128 0.0949 0.1923
012250 0.7128 0.0949 0.1923
012260 0.7128 0.0949 0.1923
012270 0.7128 0.0949 0.1923
012280 0.7128 0.0949 0.1923
012290 0.7128 0.0949 0.1923
012300 0.7128 0.0949 0.1923
012310 0.7128 0.0949 0.1923
012320 0.7128 0.0949 0.1923
012330 0.7128 0.0949 0.1923
012340 0.7128 0.0949 0.1923
012350 0.7128 0.0949 0.1923
012360 0.7128 0.0949 0.1923
012370 0.7128 0.0949 0.1923
012380 0.7128 0.0949 0.1923
012390 0.7128 0.0949 0.1923
012400 0.7128 0.0949 0.1923
012410 0.7128 0.0949 0.1923
012420 0.7128 0.0949 0.1923
012430 0.7128 0.0949 0.1923
012440 0.7128 0.0949 0.1923
012450 0.7128 0.0949 0.1923
012460 0.7128 0.0949 0.1923
012470 0.7128 0.0949 0.1923
012480 0.7128 0.0949 0.1923
012490 0.7128 0.0949 0.1923
012500 0.7128 0.0949 0.1923
012510 0.7128 0.0949 0.1923
012520 0.7128 0.0949 0.1923
012530 0.7128 0.0949 0.1923
012540 0.7128 0.0949 0.1923
012550 0.7128 0.0949 0.1923
012560 0.7128 0.0949 0.1923
012570 0.7128 0.0949 0.1923
012580 0.7128 0.0949 0.1923
012590 0.7128 0.0949 0.1923
012600 0.7128 0.0949 0.1923
012610 0.7128 0.0949 0.1923
012620 0.7128 0.0949 0.1923
012630 0.7128 0.0949 0.1923
012640 0.7128 0.0949 0.1923
012650 0.7128 0.0949 0.1923
012660 0.7128 0.0949 0.1923
012670 0.7128 0.0949 0.1923
012680 0.7128 0.0949 0.1923
012690 0.7128 0.0949 0.1923
012700 0.7128 0.0949 0.1923
012710 0.7128 0.0949 0.1923
012720 0.7128 0.0949 0.1923
012730 0.7128 0.0949 0.1923
012740 0.7128 0.0949 0.1923
012750 0.7128 0.0949 0.1923
012760 0.7128 0.0949 0.1923
012770 0.7128 0.0949 0.1923
012780 0.7128 0.0949 0.1923
012790 0.7128 0.0949 0.1923
012800 0.7128 0.0949 0.1923
012810 0.7128 0.0949 0.1923
012820 0.7128 0.0949 0.1923
012830 0.7128 0.0949 0.1923
012840 0.7128 0.0949 0.1923
012850 0.7128 0.0949 0.1923
012860 0.7128 0.0949 0.1923
012870 0.7128 0.0949 0.1923
012880 0.7128 0.0949 0.1923
012890 0.7128 0.0949 0.1923
012900 0.7128 0.0949 0.1923
012910 0.7128 0.0949 0.1923
012920 0.7128 0.0949 0.1923
012930 0.7128 0.0949 0.1923
012940 0.7128 0.0949 0.1923
012950 0.7128 0.0949 0.1923
012960 0.7128 0.0949 0.1923
012970 0.7128 0.0949 0.1923
012980 0.7128 0.0949 0.1923
012990 0.7128 0.0949 0.1923
013000 0.7128 0.0949 0.1923
013010 0.7128 0.0949 0.1923
013020 0.7128 0.0949 0.1923
013030 0.7128 0.0949 0.1923
013040 0.7128 0.0949 0.1923
013050 0.7128 0.0949 0.1923
013060 0.7128 0.0949 0.1923
013070 0.7128 0.0949 0.1923
013080 0.7128 0.0949 0.1923
013090 0.7128 0.0949 0.1923
013100 0.7128 0.0949 0.1923
013110 0.7128 0.0949 0.1923
013120 0.7128 0.0949 0.1923
013130 0.7128 0.0949 0.1923
013140 0.7128 0.0949 0.1923
013150 0.7128 0.0949 0.1923
013160 0.7128 0.0949 0.1923
013170 0.7128 0.0949 0.1923
013180 0.7128 0.0949 0.1923
013190 0.7128 0.0949 0.1923
013200 0.7128 0.0949 0.1923
013210 0.7128 0.0949 0.1923
013220 0.7128 0.0949 0.1923
013230 0.7128 0.0949 0.1923
013240 0.7128 0.0949 0.1923
013250 0.7128 0.0949 0.1923
013260 0.7128 0.0949 0.1923
013270 0.7128 0.0949 0.1923
013280 0.7128 0.0949 0.1923
013290 0.7128 0.0949 0.1923
013300 0.7128 0.0949 0.1923
013310 0.7128 0.0949 0.1923
013320 0.7128 0.0949 0.1923
013330 0.7128 0.0949 0.1923
013340 0.7128 0.0949 0.1923
013350 0.7128 0.0949 0.1923
013360 0.7128 0.0949 0.1923
013370 0.7128 0.0949 0.1923
013380 0.7128 0.0949 0.1923
013390 0.7128 0.0949 0.1923
013400 0.7128 0.0949 0.1923
013410 0.7128 0.0949 0.1923
013420 0.7128 0.0949 0.1923
013430 0.7128 0.0949 0.1923
013440 0.7128 0.0949 0.1923
013450 0.7128 0.0949 0.1923
013460 0.7128 0.0949 0.1923
013470 0.7128 0.0949 0.1923
013480 0.7128 0.0949 0.1923
013490 0.7128 0.0949 0.1923
013500 0.7128 0.0949 0.1923
013510 0.7128 0.0949 0.1923
013520 0.7128 0.0949 0.1923
013530 0.7128 0.0949 0.1923
013540 0.7128 0.0949 0.1923
013550 0.7128 0.0949 0.1923
013560 0.7128 0.0949 0.1923
013570 0.7128 0.0949 0.1923
013580 0.7128 0.0949 0.1923
013590 0.7128 0.0949 0.1923
013600 0.7128 0.0949 0.1923
013610 0.7128 0.0949 0.1923
013620 0.7128 0.0949 0.1923
013630 0.7128 0.0949 0.1923
013640 0.7128 0.0949 0.1923
013650 0.7128 0.0949 0.1923
013660 0.7128 0.0949 0.1923
013670 0.7128 0.0949 0.1923
013680 0.7128 0.0949 0.1923
013690 0.7128 0.0949 0.1923
013700 0.7128 0.0949 0.1923
013710 0.7128 0.0949 0.1923
013720 0.7128 0.0949 0.1923
013730 0.7128 0.0949 0.1923
013740 0.7128 0.0949 0.1923
013750 0.7128 0.0949 0.1923
013760 0.7128 0.0949 0.1923
013770 0.7128 0.0949 0.1923
013780 0.7128 0.0949 0.1923
013790 0.7128 0.0949 0.1923
013800 0.7128 0.0949 0.1923
013810 0.7128 0.0949 0.1923
013820 0.7128 0.0949 0.1923
013830 0.7128 0.0949 0.1923
013840 0.7128 0.0949 0.1923
013850 0.7128 0.0949 0.1923
013860 0.7128 0.0949 0.1923
013870 0.7128 0.0949 0.1923
013880 0.7128 0.0949 0.1923
013890 0.7128 0.0949 0.1923
013900 0.7128 0.0949 0.1923
013910 0.7128 0.0949 0.1923
013920 0.7128 0.0949 0.1923
013930 0.7128 0.0949 0.1923
013940 0.7128 0.0949 0.1923
013950 0.7128 0.0949 0.1923
013960 0.7128 0.0949 0.1923
013970 0.7128 0.0949 0.1923
013980 0.7128 0.0949 0.1923
013990 0.7128 0.0949 0.1923
014000 0.7128 0.0949 0.1923
014010 0.7128 0.0949 0.1923
014020 0.7128 0.0949 0.1923
014030 0.7128 0.0949 0.1923
014040 0.7128 0.0949 0.1923
014050 0.7128 0.0949 0.1923
014060 0.7128 0.0949 0.1923
014070 0.7128 0.0949 0.1923
014080 0.7128 0.0949 0.1923
014090 0.7128 0.0949 0.1923
014100 0.7128 0.0949 0.1923
014110 0.7128 0.0949 0.1923
014120 0.7128 0.0949 0.1923
014130 0.7128 0.0949 0.1923
014140 0.7128 0.0949 0.1923
014150 0.7128 0.0949 0.1923
014160 0.7128 0.0949 0.1923
014170 0.7128 0.0949 0.1923
014180 0.7128 0.0949 0.1923
014190 0.7128 0.0949 0.1923
014200 0.7128 0.0949 0.1923
014210 0.7128 0.0949 0.1923
014220 0.7128 0.0949 0.1923
014230 0.7128 0.0949 0.1923
014240 0.7128 0.0949 0.1923
014250 0.7128 0.0949 0.1923
014260 0.7128 0.0949 0.1923
014270 0.7128 0.0949 0.1923
